1704749405.262000 -0.000098 0.000000 -0.000052 0.000002 -0.000001 0.000062 1.000000
1704749405.598000 -0.000249 -0.000040 -0.000102 -0.000010 0.000001 0.000102 1.000000
1704749405.934000 -0.000386 -0.000053 -0.000120 -0.000019 0.000014 0.000132 1.000000
1704749406.269000 -0.000727 0.000009 -0.000152 0.000000 0.000067 0.000128 1.000000
1704749406.604000 -0.001803 0.000054 -0.000180 0.000010 0.000115 0.000092 1.000000
1704749406.956000 -0.002508 0.000127 -0.000172 0.000060 0.000138 0.000074 1.000000
1704749407.292000 -0.002413 0.000250 -0.000135 0.000074 0.000125 0.000001 1.000000
1704749407.627000 -0.002503 0.000233 -0.000164 0.000095 0.000116 0.000015 1.000000
1704749407.962000 -0.002470 0.000181 -0.000116 0.000110 0.000106 0.000057 1.000000
1704749408.297000 -0.002477 0.000210 -0.000145 0.000117 0.000106 0.000063 1.000000
1704749408.633000 -0.002540 0.000117 -0.000158 0.000112 0.000097 0.000080 1.000000
1704749408.968000 -0.002522 0.000198 -0.000127 0.000112 0.000103 0.000071 1.000000
1704749409.303000 -0.002665 0.000139 -0.000124 0.000119 0.000107 0.000076 1.000000
1704749409.639000 -0.002715 0.000174 -0.000106 0.000112 0.000113 0.000091 1.000000
1704749409.974000 -0.003100 -0.000230 -0.000058 0.000102 0.000188 0.000154 1.000000
1704749410.309000 -0.003100 -0.000273 -0.000048 0.000071 0.000196 0.000175 1.000000
1704749410.644000 -0.003209 -0.000284 -0.000014 0.000044 0.000237 0.000204 1.000000
1704749410.980000 -0.003277 -0.000310 0.000004 0.000004 0.000253 0.000256 1.000000
1704749411.315000 -0.003449 -0.000272 0.000019 -0.000017 0.000274 0.000276 1.000000
1704749411.650000 -0.003722 -0.000279 0.000005 0.000002 0.000293 0.000278 1.000000
1704749411.986000 0.008184 -0.003361 0.020880 0.000189 -0.060208 0.001152 0.998185
1704749412.321000 0.006728 -0.003471 0.019341 0.000216 -0.059219 0.001281 0.998244
1704749412.656000 -0.031445 -0.000497 -0.008146 -0.004824 0.081691 -0.001776 0.996644
1704749412.992000 0.015110 -0.000218 0.018309 0.001608 -0.036644 0.000524 0.999327
1704749413.327000 0.008912 -0.005601 0.024588 -0.000695 -0.078189 0.000916 0.996938
1704749413.662000 -0.033184 -0.000404 -0.007534 -0.005074 0.078531 -0.001864 0.996897
1704749413.997000 0.006001 0.000718 0.014031 0.000439 -0.006836 -0.000292 0.999976
1704749414.333000 0.014075 -0.006280 0.028871 -0.001850 -0.091330 0.001237 0.995818
1704749414.668000 -0.033063 -0.002035 -0.005594 -0.005606 0.066652 -0.000936 0.997760
1704749415.003000 -0.005017 0.000868 0.006420 0.000042 0.022258 -0.001067 0.999752
1704749415.339000 0.017741 -0.005828 0.030036 -0.001833 -0.093875 0.000922 0.995582
1704749415.674000 -0.029404 -0.002269 -0.001573 -0.004442 0.047305 -0.000721 0.998870
1704749416.009000 -0.015260 0.000904 -0.000192 -0.000879 0.048045 -0.002020 0.998843
1704749416.345000 0.021099 -0.005638 0.030684 -0.002047 -0.095903 0.000648 0.995388
1704749416.680000 -0.022911 -0.004105 0.002950 -0.004984 0.022770 -0.000688 0.999728
1704749417.015000 -0.022334 0.001128 -0.005177 -0.001977 0.066771 -0.001993 0.997764
1704749417.350000 0.020455 -0.007582 0.029453 -0.002082 -0.090994 0.001094 0.995849
1704749417.686000 -0.009960 -0.004689 0.010316 -0.004382 -0.023854 -0.000270 0.999706
1704749418.021000 -0.002058 -0.005106 0.009025 -0.005146 -0.017367 0.000160 0.999836
1704749418.356000 -0.002846 -0.004896 0.009142 -0.005049 -0.016911 0.000171 0.999844
1704749418.692000 -0.002880 -0.004638 0.009241 -0.005016 -0.016890 0.000168 0.999845
1704749419.027000 -0.003110 -0.004716 0.009272 -0.005063 -0.016868 0.000164 0.999845
1704749419.362000 -0.003104 -0.004740 0.009341 -0.005055 -0.016849 0.000174 0.999845
1704749419.698000 -0.003036 -0.004632 0.009279 -0.005049 -0.016858 0.000169 0.999845
1704749420.033000 -0.003176 -0.004670 0.009274 -0.005050 -0.016833 0.000166 0.999846
1704749420.368000 -0.003297 -0.004921 0.009233 -0.005029 -0.016819 0.000191 0.999846
1704749420.703000 -0.003258 -0.004867 0.009232 -0.005035 -0.016817 0.000196 0.999846
1704749421.039000 -0.003423 -0.004413 0.009090 -0.005073 -0.016836 0.000156 0.999845
1704749421.374000 -0.003562 -0.004414 0.009036 -0.005046 -0.016853 0.000164 0.999845
1704749421.709000 -0.003745 -0.004470 0.009072 -0.005054 -0.016836 0.000167 0.999845
1704749422.045000 -0.003497 -0.004326 0.009032 -0.005044 -0.016835 0.000127 0.999846
1704749422.380000 -0.003617 -0.004286 0.009078 -0.005021 -0.016817 0.000143 0.999846
1704749422.715000 -0.003601 -0.004220 0.009037 -0.005043 -0.016821 0.000172 0.999846
1704749423.050000 -0.003769 -0.004369 0.009028 -0.005044 -0.016816 0.000161 0.999846
1704749423.386000 -0.003727 -0.004191 0.009123 -0.005026 -0.016789 0.000132 0.999846
1704749423.721000 -0.003802 -0.004226 0.009035 -0.005023 -0.016797 0.000138 0.999846
1704749424.056000 -0.003836 -0.004184 0.008964 -0.005006 -0.016809 0.000136 0.999846
1704749424.392000 -0.008069 -0.004299 0.004211 -0.004700 -0.006904 -0.000139 0.999965
1704749424.727000 -0.021288 -0.009723 -0.003213 -0.010007 0.004029 0.008458 0.999906
1704749425.062000 -0.026695 -0.007891 -0.004100 -0.005508 0.004728 0.019078 0.999792
1704749425.397000 -0.027993 0.001979 -0.001606 0.004813 0.001445 0.027050 0.999621
1704749425.733000 -0.011426 0.003136 -0.003839 -0.001294 0.010446 0.028300 0.999544
1704749426.068000 0.100146 0.002440 -0.000273 -0.010856 0.002565 0.030383 0.999476
1704749426.403000 0.215573 0.014795 0.001843 -0.006814 -0.001539 0.036993 0.999291
1704749426.739000 0.306226 0.029250 0.002061 -0.001799 -0.000794 0.045868 0.998946
1704749427.074000 0.385880 0.043506 0.000656 0.001264 0.004307 0.053036 0.998583
1704749427.409000 0.482514 0.060535 0.003018 -0.001016 0.006675 0.063182 0.997979
1704749427.745000 0.613516 0.084618 0.006368 0.000859 0.002539 0.076665 0.997053
1704749428.080000 0.742479 0.103735 0.009022 -0.002481 -0.002697 0.082384 0.996594
1704749428.415000 0.864731 0.126398 0.007998 -0.005856 0.001776 0.086865 0.996201
1704749428.750000 0.992257 0.146736 0.008699 -0.008844 0.001528 0.088177 0.996064
1704749429.086000 1.118382 0.167500 0.008298 -0.008195 -0.000356 0.084920 0.996354
1704749429.421000 1.240733 0.191698 0.009315 -0.007819 -0.003320 0.092098 0.995714
1704749429.756000 1.359788 0.219753 0.008125 -0.005391 -0.003000 0.098990 0.995069
1704749430.092000 1.481599 0.249094 0.009154 0.000295 -0.001867 0.095362 0.995441
1704749430.427000 1.596920 0.277925 0.009172 0.004699 -0.001315 0.091765 0.995769
1704749430.762000 1.705840 0.297668 0.012013 0.007234 -0.003496 0.068901 0.997591
1704749431.097000 1.820747 0.306019 0.009287 0.003723 -0.004598 0.050653 0.998699
1704749431.433000 1.926851 0.308540 0.011703 -0.005101 -0.002321 0.043964 0.999017
1704749431.768000 2.032690 0.314405 0.011425 -0.010775 -0.003557 0.045807 0.998886
1704749432.103000 2.147300 0.326613 0.014341 -0.010010 -0.005515 0.051935 0.998585
1704749432.439000 2.271355 0.340900 0.015333 -0.003538 -0.005784 0.035236 0.999356
1704749432.774000 2.401684 0.353397 0.016853 0.007037 -0.002998 0.002362 0.999968
1704749433.109000 2.546103 0.358327 0.020848 0.001672 -0.001882 0.006666 0.999975
1704749433.445000 2.700509 0.359391 0.020081 -0.001582 -0.004176 0.009329 0.999947
1704749433.780000 2.857368 0.350855 0.021524 0.003778 -0.004310 -0.029011 0.999563
1704749434.115000 3.000575 0.337330 0.027676 0.012655 -0.004813 -0.081098 0.996614
1704749434.450000 3.140655 0.303827 0.031478 0.014432 0.001518 -0.152230 0.988239
1704749434.786000 3.273045 0.227938 0.034821 0.010101 0.002605 -0.228422 0.973506
1704749435.121000 3.389375 0.134026 0.040580 0.000192 -0.003460 -0.300310 0.953835
1704749435.456000 3.493785 0.019651 0.057520 0.006587 0.001732 -0.364561 0.931154
1704749435.792000 3.597225 -0.091021 0.068602 0.014983 -0.000570 -0.429836 0.902783
1704749436.127000 3.672634 -0.216247 0.069116 0.020562 -0.002745 -0.490699 0.871082
1704749436.462000 3.728719 -0.354703 0.068262 0.013402 -0.003657 -0.533526 0.845669
1704749436.798000 3.767541 -0.502690 0.069934 0.010888 -0.001863 -0.584202 0.811533
1704749437.133000 3.785783 -0.668487 0.073756 0.006065 0.006447 -0.636983 0.770827
1704749437.468000 3.785371 -0.821909 0.076701 0.005839 0.006910 -0.685941 0.727600
1704749437.803000 3.792923 -0.973596 0.076631 0.004462 0.005640 -0.698107 0.715957
1704749438.139000 3.806440 -1.120348 0.071584 0.003739 0.010137 -0.679986 0.733146
1704749438.474000 3.829711 -1.275249 0.070159 0.008732 0.008753 -0.672577 0.739924
1704749438.809000 3.854255 -1.431705 0.070135 0.009839 0.008068 -0.665474 0.746313
1704749439.145000 3.881439 -1.587343 0.067659 0.009313 0.005070 -0.656389 0.754348
1704749439.480000 3.906919 -1.748070 0.064081 0.008081 0.004400 -0.650265 0.759652
1704749439.815000 3.932866 -1.905039 0.066484 0.011468 0.004431 -0.655738 0.754888
1704749440.150000 3.944585 -2.061691 0.062090 0.018434 0.001910 -0.700363 0.713546
1704749440.486000 3.928013 -2.210914 0.057554 0.024365 -0.003367 -0.764827 0.643766
1704749440.821000 3.867877 -2.355538 0.058829 0.016793 0.001496 -0.821902 0.569380
1704749441.156000 3.775363 -2.485914 0.060935 -0.010589 -0.007235 0.871253 -0.490666
1704749441.492000 3.669235 -2.600078 0.061414 -0.008580 -0.008019 0.907635 -0.419596
1704749441.827000 3.559389 -2.696531 0.060255 -0.010975 -0.002152 0.935405 -0.353401
1704749442.162000 3.439964 -2.764858 0.057384 -0.008652 -0.005490 0.956749 -0.290734
1704749442.498000 3.318530 -2.815434 0.053068 -0.008201 -0.003474 0.973835 -0.227082
1704749442.833000 3.190490 -2.861902 0.053610 -0.010117 -0.001252 0.987087 -0.159863
1704749443.169000 3.058107 -2.896399 0.051489 -0.010366 0.007391 0.995967 -0.088807
1704749443.503000 2.914855 -2.909987 0.055220 -0.006838 0.005006 0.999362 -0.034686
1704749443.839000 2.777577 -2.904361 0.059663 -0.006580 -0.018418 0.997486 -0.068107
1704749444.174000 2.637778 -2.917687 0.062830 -0.005648 -0.030154 0.995147 -0.093491
1704749444.509000 2.487610 -2.960462 0.066318 -0.010522 -0.016321 0.994496 -0.102956
1704749444.845000 2.344705 -3.004898 0.064768 -0.008470 -0.003802 0.993316 -0.115055
1704749445.180000 2.212235 -3.050336 0.065389 -0.006398 0.003599 0.992043 -0.125682
1704749445.515000 2.075244 -3.089077 0.066628 -0.004040 -0.002920 0.991613 -0.129148
1704749445.851000 1.934081 -3.110280 0.066692 -0.009781 -0.010147 0.995127 -0.097594
1704749446.186000 1.789619 -3.123999 0.065996 -0.006594 -0.012281 0.998547 -0.052055
1704749446.521000 1.639491 -3.127529 0.061809 -0.005735 -0.012137 0.999883 -0.007354
1704749446.856000 1.490242 -3.124306 0.062958 -0.008243 -0.008860 0.999677 0.022336
1704749447.192000 1.331185 -3.118704 0.065991 -0.008784 -0.008558 0.999692 0.021559
1704749447.527000 1.170911 -3.113720 0.064822 -0.011850 -0.013106 0.999793 0.010055
1704749447.862000 1.001857 -3.118114 0.065526 -0.007782 -0.010986 0.999905 0.002832
1704749448.198000 0.837980 -3.108136 0.069455 -0.004298 0.002376 0.999007 0.044288
1704749448.533000 0.672453 -3.081113 0.071649 -0.007863 0.012945 0.994416 0.104440
1704749448.869000 0.521718 -3.006195 0.080398 -0.012593 0.005332 0.984018 0.177544
1704749449.203000 0.374612 -2.915487 0.084316 -0.005719 -0.018869 0.975183 0.220523
1704749449.539000 0.229624 -2.815308 0.089838 -0.005833 -0.027793 0.968376 0.247872
1704749449.874000 0.092366 -2.722905 0.098889 -0.008757 -0.002652 0.955299 0.295500
1704749450.209000 -0.046719 -2.629827 0.100851 -0.003207 0.010141 0.941582 0.336616
1704749450.545000 -0.152872 -2.502735 0.098924 -0.001650 0.001539 0.923005 0.384781
1704749450.880000 -0.250868 -2.359779 0.095470 -0.010291 -0.012503 0.900530 0.434491
1704749451.215000 -0.349304 -2.215860 0.094633 -0.009808 -0.011192 0.879171 0.476273
1704749451.551000 -0.448046 -2.075179 0.096188 -0.008249 -0.010229 0.880788 0.473329
1704749451.886000 -0.546832 -1.938062 0.099231 -0.005766 -0.013336 0.883972 0.467313
1704749452.221000 -0.641413 -1.797045 0.097206 -0.003824 -0.018158 0.887618 0.460207
1704749452.556000 -0.742002 -1.660091 0.100898 -0.004020 -0.011796 0.890041 0.455710
1704749452.892000 -0.847119 -1.528552 0.098338 -0.002443 0.000506 0.870180 0.492727
1704749453.227000 -0.942684 -1.382741 0.107324 0.000557 0.003249 0.848178 0.529701
1704749453.562000 -1.000687 -1.231396 0.110727 0.001310 0.001994 0.815083 0.579339
1704749453.898000 -1.026626 -1.062088 0.122895 -0.000519 0.003691 0.771161 0.636629
1704749454.233000 -1.025459 -0.894564 0.136774 -0.005753 0.002733 0.721222 0.692675
1704749454.568000 -1.009102 -0.722912 0.145165 -0.003078 0.005251 0.667024 0.745011
1704749454.903000 -0.964064 -0.562297 0.153333 -0.002646 0.003029 0.613550 0.789645
1704749455.239000 -0.903713 -0.404515 0.162387 -0.004457 0.000824 0.557779 0.829977
1704749455.574000 -0.817010 -0.263388 0.173546 -0.005258 0.005828 0.499080 0.866521
1704749455.909000 -0.718058 -0.139027 0.180195 -0.005442 0.005150 0.435698 0.900062
1704749456.245000 -0.608767 -0.035179 0.182951 -0.002109 0.005496 0.373211 0.927728
1704749456.580000 -0.488131 0.047501 0.185367 0.002063 0.003117 0.305473 0.952193
1704749456.915000 -0.364267 0.104369 0.184947 -0.000912 0.002007 0.232684 0.972550
1704749457.251000 -0.230157 0.146941 0.183455 -0.001552 0.002036 0.156427 0.987686
1704749457.586000 -0.108172 0.167476 0.182949 -0.000863 0.002353 0.078364 0.996922
1704749457.921000 0.017760 0.171178 0.183303 -0.002347 0.001372 0.022727 0.999738
1704749458.256000 0.163489 0.170758 0.185988 -0.008416 -0.001018 0.014934 0.999853
1704749458.592000 0.315366 0.180065 0.187375 -0.002583 0.003122 0.013538 0.999900
1704749458.927000 0.477348 0.205663 0.188980 -0.001370 0.002971 0.045111 0.998977
1704749459.262000 0.635311 0.228082 0.186876 0.000462 0.000074 0.053356 0.998575
1704749459.598000 0.794377 0.250651 0.186291 -0.002916 -0.001096 0.061859 0.998080
1704749459.933000 0.953551 0.270404 0.188176 -0.012584 0.003350 0.065367 0.997776
1704749460.268000 1.115150 0.299462 0.189160 -0.009540 0.001451 0.069872 0.997509
1704749460.603000 1.280693 0.332572 0.188186 -0.009159 -0.003022 0.076961 0.996987
1704749460.939000 1.442860 0.364024 0.184335 -0.011898 -0.002067 0.085387 0.996275
1704749461.274000 1.608596 0.396662 0.186061 -0.013723 -0.000938 0.093654 0.995510
1704749461.609000 1.773230 0.429207 0.189293 -0.013347 0.001824 0.088981 0.995942
1704749461.945000 1.921218 0.451922 0.189596 -0.004562 0.001161 0.050331 0.998721
1704749462.280000 2.078349 0.457135 0.186595 0.008583 -0.003623 -0.013113 0.999871
1704749462.615000 2.236138 0.447132 0.183132 -0.000309 -0.000300 -0.047360 0.998878
1704749462.951000 2.400954 0.415172 0.199640 -0.009426 0.004938 -0.074820 0.997140
1704749463.286000 2.565681 0.396917 0.201724 -0.012633 -0.000969 -0.058913 0.998183
1704749463.622000 2.738749 0.390771 0.206741 -0.019974 -0.002120 -0.031203 0.999311
1704749463.956000 2.906993 0.390295 0.206167 -0.011220 0.002107 -0.025140 0.999619
1704749464.292000 3.069922 0.380369 0.207918 -0.000757 0.004644 -0.068090 0.997668
1704749464.627000 3.225321 0.355101 0.210265 0.007625 0.000932 -0.128485 0.991682
1704749464.962000 3.363992 0.286919 0.218480 0.005895 -0.003490 -0.191326 0.981503
1704749465.298000 3.490678 0.205112 0.225800 0.006788 -0.004764 -0.258569 0.965957
1704749465.633000 3.603399 0.112668 0.232144 0.001166 -0.000298 -0.315806 0.948823
1704749465.968000 3.716420 0.014634 0.235611 -0.011343 0.007019 -0.314115 0.949291
1704749466.303000 3.824732 -0.082596 0.239918 -0.009473 0.004265 -0.350184 0.936623
1704749466.639000 3.925649 -0.186910 0.244652 0.003595 -0.000829 -0.411068 0.911597
1704749466.974000 4.002721 -0.301184 0.249977 0.014469 -0.003570 -0.484740 0.874531
1704749467.309000 4.052211 -0.434628 0.249630 0.008352 -0.003290 -0.551491 0.834132
1704749467.645000 4.080335 -0.606111 0.256082 0.002481 -0.002353 -0.616287 0.787515
1704749467.980000 4.097341 -0.761798 0.256588 0.003138 -0.005239 -0.660863 0.750482
1704749468.315000 4.106565 -0.912909 0.259654 0.004574 -0.001963 -0.683847 0.729609
1704749468.651000 4.107002 -1.072712 0.265403 -0.001071 0.005539 -0.691915 0.721957
1704749468.986000 4.104937 -1.226840 0.263203 -0.003206 0.007514 -0.708551 0.705612
1704749469.321000 4.101411 -1.379634 0.266208 0.001732 -0.000042 -0.728555 0.684985
1704749469.656000 4.098479 -1.533386 0.269104 0.002012 0.003381 -0.723178 0.690651
1704749469.992000 4.091628 -1.696054 0.270216 -0.000590 0.006950 -0.717202 0.696830
1704749470.327000 4.089821 -1.860681 0.271123 -0.001030 0.011509 -0.710510 0.703592
1704749470.662000 4.094438 -2.022286 0.269818 0.003062 -0.001150 -0.722674 0.691181
1704749470.998000 4.094653 -2.183061 0.272678 0.011274 -0.013229 -0.742342 0.669795
1704749471.333000 4.073547 -2.340691 0.267501 0.009117 0.002572 -0.751400 0.659779
1704749471.668000 4.036854 -2.507973 0.267080 0.008238 0.000038 -0.781385 0.623995
1704749472.004000 3.987936 -2.662453 0.266684 0.009576 -0.007576 -0.828568 0.559755
1704749472.339000 3.909855 -2.803746 0.270878 -0.013582 0.018882 0.879491 -0.475347
1704749472.674000 3.792938 -2.910432 0.271197 -0.003428 0.014905 0.925742 -0.377847
1704749473.009000 3.652890 -2.988865 0.274196 -0.002896 0.012443 0.960203 -0.279010
1704749473.345000 3.504495 -3.040246 0.273385 0.001629 0.007154 0.980194 -0.197903
1704749473.680000 3.361955 -3.102080 0.272224 0.000956 0.010638 0.979626 -0.200547
1704749474.015000 3.219687 -3.161342 0.278039 -0.002066 0.003906 0.979699 -0.200426
1704749474.351000 3.065908 -3.207229 0.283563 -0.003312 0.008206 0.990582 -0.136636
1704749474.686000 2.912133 -3.235330 0.284883 -0.002217 0.012712 0.997908 -0.063344
1704749475.021000 2.753601 -3.244986 0.283123 -0.001006 0.011900 0.999926 -0.002421
1704749475.356000 2.592241 -3.235936 0.285276 -0.000116 0.012146 0.999372 0.033277
1704749475.692000 2.432347 -3.213827 0.290806 0.003591 -0.002760 0.999613 0.027436
1704749476.027000 2.271245 -3.203562 0.297492 -0.000944 -0.007476 0.999837 0.016420
1704749476.362000 2.116664 -3.215603 0.301458 -0.001558 0.004023 0.999902 -0.013331
1704749476.698000 1.965161 -3.234445 0.305823 0.000941 0.017114 0.999653 -0.019993
1704749477.033000 1.796961 -3.252917 0.307692 0.002894 0.014375 0.999639 -0.022498
1704749477.368000 1.636647 -3.262941 0.310013 -0.001125 0.006700 0.999660 -0.025183
1704749477.703000 1.483439 -3.266589 0.308866 -0.000612 -0.004544 0.999489 -0.031635
1704749478.039000 1.322720 -3.268933 0.311056 0.004211 -0.018354 0.999089 -0.038296
1704749478.374000 1.164328 -3.285178 0.314144 -0.002016 -0.009969 0.998937 -0.044970
1704749478.709000 1.005640 -3.314559 0.314867 -0.006123 0.000787 0.998554 -0.053399
1704749479.045000 0.848411 -3.343486 0.318227 -0.001444 0.011560 0.997836 -0.064705
1704749479.380000 0.693255 -3.361769 0.314719 -0.000110 0.014222 0.998940 -0.043787
1704749479.715000 0.534661 -3.365263 0.315168 -0.001297 0.006068 0.999645 -0.025897
1704749480.051000 0.377579 -3.361764 0.317624 -0.002556 -0.011078 0.999479 -0.030211
1704749480.386000 0.217533 -3.353747 0.319632 0.001610 -0.009463 0.999954 0.000327
1704749480.721000 0.060940 -3.360969 0.323692 0.002958 0.001058 0.999974 0.006441
1704749481.056000 -0.098703 -3.360423 0.325416 -0.006879 0.016323 0.998864 0.044231
1704749481.392000 -0.251249 -3.332623 0.328601 -0.003772 0.022163 0.992481 0.120314
1704749481.727000 -0.396450 -3.252495 0.334763 -0.003343 0.010278 0.980972 0.193847
1704749482.062000 -0.522821 -3.156843 0.337275 -0.003354 0.004323 0.964359 0.264541
1704749482.398000 -0.627084 -3.062018 0.332615 0.002035 0.012158 0.941771 0.336029
1704749482.733000 -0.719782 -2.959038 0.332181 -0.001091 0.015736 0.915412 0.402209
1704749483.068000 -0.809969 -2.835883 0.332013 -0.003442 0.009807 0.889558 0.456704
1704749483.404000 -0.895443 -2.710298 0.332468 -0.002420 -0.002732 0.889958 0.456028
1704749483.739000 -0.983618 -2.592600 0.331291 -0.002254 -0.002816 0.893379 0.449289
1704749484.074000 -1.082532 -2.473905 0.328809 -0.003809 0.009373 0.896085 0.443767
1704749484.409000 -1.188482 -2.356349 0.330067 -0.001406 0.014192 0.898678 0.438377
1704749484.745000 -1.287774 -2.232498 0.326076 0.004809 0.018475 0.882378 0.470153
1704749485.080000 -1.371914 -2.087550 0.327076 0.006908 0.019110 0.851593 0.523809
1704749485.415000 -1.423178 -1.935216 0.323410 -0.005716 0.011663 0.811372 0.584386
1704749485.751000 -1.447403 -1.773279 0.327544 -0.005186 0.007582 0.772191 0.635324
1704749486.086000 -1.463737 -1.603067 0.350253 -0.000205 0.014513 0.735271 0.677618
1704749486.421000 -1.460457 -1.438461 0.366897 -0.003502 0.013511 0.692442 0.721339
1704749486.756000 -1.438696 -1.278401 0.377430 -0.008880 0.012205 0.667256 0.744675
1704749487.092000 -1.425312 -1.115070 0.381577 -0.012230 0.013117 0.681264 0.731818
1704749487.427000 -1.415638 -0.953926 0.379586 -0.016048 0.014654 0.686052 0.727228
1704749487.762000 -1.399546 -0.799700 0.384726 -0.003320 0.019578 0.650011 0.759665
1704749488.098000 -1.366059 -0.666013 0.393398 0.003447 0.030565 0.594261 0.803684
1704749488.433000 -1.302171 -0.543321 0.395295 -0.010306 0.025303 0.534924 0.844458
1704749488.768000 -1.215099 -0.440658 0.395964 -0.018080 0.017168 0.475164 0.879544
1704749489.104000 -1.116923 -0.349917 0.396797 -0.017514 0.013350 0.403314 0.914797
1704749489.439000 -1.017607 -0.276733 0.393591 -0.015800 0.013463 0.327078 0.944769
1704749489.774000 -0.910868 -0.228364 0.388225 -0.014495 0.012896 0.238139 0.971037
1704749490.109000 -0.799528 -0.194429 0.382588 -0.014261 0.009251 0.141800 0.989749
1704749490.445000 -0.681517 -0.177447 0.379798 -0.005990 0.004952 0.050862 0.998675
1704749490.780000 -0.563616 -0.181345 0.372061 0.003479 0.000897 -0.030641 0.999524
1704749491.115000 -0.450222 -0.206550 0.371031 -0.010031 0.003028 -0.073975 0.997205
1704749491.451000 -0.340391 -0.237819 0.373841 -0.030733 0.006281 -0.070687 0.997005
1704749491.786000 -0.321628 -0.262217 0.377662 -0.044411 0.006450 -0.065899 0.996817
1704749492.121000 -0.329899 -0.232027 0.374831 -0.023139 0.008137 -0.022104 0.999455
1704749492.456000 -0.326853 -0.207536 0.375739 -0.013523 0.011123 0.007903 0.999815
1704749492.792000 -0.285932 -0.220913 0.377689 -0.032468 0.002346 0.014606 0.999363
1704749493.127000 -0.275237 -0.214084 0.376313 -0.032294 0.011617 0.035889 0.998766
1704749493.462000 -0.283858 -0.199672 0.377022 -0.026387 0.013668 0.070353 0.997079
1704749493.798000 -0.287985 -0.181185 0.378534 -0.012572 0.006534 0.111869 0.993622
1704749494.133000 -0.286699 -0.178946 0.380004 -0.021975 0.010897 0.112641 0.993333
1704749494.468000 -0.278653 -0.187757 0.378459 -0.028974 0.011073 0.079807 0.996328
1704749494.804000 -0.275827 -0.188945 0.378827 -0.029263 0.009551 0.086679 0.995761
1704749495.139000 -0.275992 -0.187277 0.375994 -0.028968 0.009853 0.095492 0.994960
1704749495.475000 -0.275644 -0.185233 0.379202 -0.023792 0.010472 0.101600 0.994486
1704749495.809000 -0.275941 -0.189533 0.378982 -0.023853 0.012639 0.066903 0.997394
1704749496.145000 -0.273152 -0.189226 0.375996 -0.020381 0.009277 0.056649 0.998143
1704749496.480000 -0.266367 -0.178271 0.375161 -0.014631 0.006233 0.062957 0.997890
1704749496.815000 -0.270371 -0.182425 0.376078 -0.019456 0.008795 0.039417 0.998995
1704749497.151000 -0.270433 -0.183620 0.375956 -0.026667 0.012670 0.042060 0.998679
1704749497.486000 -0.274005 -0.190731 0.375154 -0.028760 0.011531 0.021900 0.999280
1704749497.821000 -0.274404 -0.184864 0.377309 -0.024125 0.009097 0.030146 0.999213
1704749498.156000 -0.277536 -0.166195 0.383100 -0.012821 0.009971 0.063641 0.997841
1704749498.492000 -0.276202 -0.179970 0.379331 -0.023298 0.010987 0.053704 0.998225
1704749498.827000 -0.274579 -0.180332 0.379351 -0.023081 0.010640 0.053464 0.998246
1704749499.162000 -0.274728 -0.180455 0.379241 -0.023270 0.010564 0.053445 0.998244
1704749499.498000 -0.274259 -0.180191 0.379271 -0.023303 0.010430 0.053577 0.998237
1704749499.833000 -0.274372 -0.180372 0.379373 -0.023399 0.010418 0.053547 0.998237
1704749500.168000 -0.274148 -0.180465 0.379376 -0.023305 0.010478 0.053579 0.998237
1704749500.504000 -0.274464 -0.180692 0.379308 -0.023312 0.010473 0.053576 0.998237
1704749500.839000 -0.274228 -0.180097 0.379353 -0.023330 0.010464 0.053522 0.998239
1704749501.174000 -0.274332 -0.180546 0.379411 -0.023298 0.010494 0.053563 0.998237
1704749501.509000 -0.274240 -0.180487 0.379378 -0.023303 0.010485 0.053566 0.998237
1704749501.845000 -0.274782 -0.181340 0.379257 -0.023292 0.010469 0.053621 0.998235
