1704749408.318280 0.037872451199089 -0.196133750577311 -0.050646008123726 -0.016662616014359 0.000328647388974 0.041234625247476 0.999010487882460
1704749408.620830 0.041068313115526 -0.212438915447527 -0.037061195300658 -0.013008295886458 0.000004526786209 0.041287551282076 0.999062621824461
1704749408.822572 0.043863331575561 -0.213827275781157 -0.037374083100901 -0.010420726980067 0.000414639992434 0.041336020316041 0.999090871716539
1704749409.125168 0.046360517880790 -0.215167358220911 -0.022154278815502 -0.009128570273954 0.001568661417624 0.041228318335396 0.999106818249852
1704749409.326873 0.042145403178042 -0.213250998259835 -0.024866850801650 -0.007199669295919 0.001520925191927 0.041770908145621 0.999100116495478
1704749409.629461 0.041897870606983 -0.209115483904472 -0.045558388807188 -0.008730113687010 -0.000818717574789 0.041121726643058 0.999115668185839
1704749409.831170 0.039897004073580 -0.208773499896140 -0.057573737456647 -0.009680888731017 -0.000945631059539 0.041367855693815 0.999096635311405
1704749410.133744 0.036693354189520 -0.207118708700813 -0.050473968150290 -0.009313590474330 -0.000550271474270 0.041638982679462 0.999089159862721
1704749410.335425 0.035525892247275 -0.209166525447165 -0.056493576503666 -0.010155254793168 -0.001396825982082 0.041694785573898 0.999077807046680
1704749410.638000 0.037797910745853 -0.205255248656262 -0.056015347675475 -0.009817780965162 -0.001056031092632 0.041420591523476 0.999093003965644
1704749410.839730 0.037252622497158 -0.211437204666008 -0.045466488209375 -0.009818453392426 -0.000588602260568 0.041714013268337 0.999081174188267
1704749411.142307 0.037976072770869 -0.210313141741058 -0.045042184704355 -0.009127899712712 -0.000168542214101 0.041595397206294 0.999092826503927
1704749411.344027 0.036344055097072 -0.208103484784015 -0.053452845786435 -0.009505976021781 -0.001276139376022 0.041945608677694 0.999073858030938
1704749411.646605 0.036139292805709 -0.211252968464958 -0.054094794360751 -0.009969163258853 -0.000483740303106 0.041871385253817 0.999073154917179
1704749411.848312 0.038682160707344 -0.211130735699616 -0.051828588346402 -0.010121724974752 -0.001473169724611 0.041464484603623 0.999087622268965
1704749412.150885 0.049683682666362 -0.213649910656060 0.001097518418926 -0.007064560519736 -0.086961877703094 0.044486974947894 0.995192761665296
1704749412.352602 0.043063845088171 -0.218114147324587 -0.035013645046435 -0.005564009883895 -0.061739624461362 0.045392647432571 0.997044015138971
1704749412.655179 0.015405737944074 -0.222977668569417 -0.069435245843815 -0.018449389889219 0.069778330970908 0.036875959079918 0.996709971948491
1704749412.856906 0.027596943635187 -0.212763970799336 -0.046992642760407 -0.014817581183707 0.056230224753562 0.038854606873671 0.997551462650782
1704749413.159479 0.042476388553383 -0.191114095055644 0.009617387786495 -0.007841744954703 -0.083154491945430 0.045536681265688 0.995464840245331
1704749413.361250 0.033382198484747 -0.202767583589922 -0.005840260102639 -0.007541774514101 -0.077446278252793 0.047671403257353 0.995827612056141
1704749413.663808 0.011987393566691 -0.215297011913837 -0.061348513823751 -0.017993843591927 0.058323949323021 0.041821697506793 0.997258985492634
1704749413.865492 0.020698650348849 -0.209630177028745 -0.043914684512814 -0.014935462048710 0.069754836818187 0.039534877920266 0.996668544773878
1704749414.168094 0.049024646703442 -0.199961600486767 0.000397416075544 -0.009357270643940 -0.065610225529939 0.045784071084511 0.996750499687322
1704749414.369852 0.031727194670285 -0.208545243282754 0.009508332702987 -0.008361941618277 -0.090019854628724 0.048531542646678 0.994721666132452
1704749414.672380 0.017061032291379 -0.211037984358406 -0.063858695144835 -0.018234446664850 0.040266786479238 0.044572045600884 0.998027766954611
1704749414.874082 0.025534821621027 -0.210789322387760 -0.060094168685401 -0.018478270353246 0.071132141569217 0.039164809802708 0.996526411909708
1704749415.176713 0.041167466063060 -0.192412081669461 -0.011103696982474 -0.012461889237956 -0.046190759925963 0.045046683043291 0.997838619898464
1704749415.378407 0.028533559623229 -0.195705840150413 0.014560569721443 -0.007948713682586 -0.090580491950243 0.049625596246298 0.994620175054796
1704749415.680944 0.002304449265837 -0.216633749808015 -0.041179558290067 -0.010925785960049 0.011331890852291 0.047826667179638 0.998731608269883
1704749415.882700 0.009136027342095 -0.218276134278038 -0.059682450164501 -0.016670774857635 0.069962002589848 0.043073557672317 0.996479840282133
1704749416.185254 0.050905634652925 -0.209292330022396 -0.058773192243051 -0.012049662440132 -0.018448591925441 0.046131342847657 0.998692322138360
1704749416.386986 0.052754819224110 -0.194920229311088 -0.033226643397048 -0.011169984045448 -0.088143509690953 0.050917492450996 0.994742862310798
1704749416.689546 0.006358670579567 -0.194539593330403 -0.022807901942981 -0.021471158217283 -0.002858743010313 0.047063614328752 0.998657014775100
1704749416.891255 0.005971337385089 -0.201223520875829 -0.030813444707281 -0.017518312662638 0.067802571184298 0.043822231918273 0.996581924405588
1704749417.193871 0.023758748169050 -0.211207079637489 -0.036690243683532 -0.004400637308935 0.003033974868726 0.051472820284244 0.998660091402349
1704749417.395548 0.039132563659407 -0.204380852859708 -0.029230867250588 -0.009336220069233 -0.085460040998285 0.052394096449674 0.994919230412501
1704749417.698167 0.007734369678604 -0.198727969442474 -0.024404320859999 -0.020244375013260 -0.041604566584702 0.048501674372004 0.997750877174620
1704749417.899840 0.024670730071738 -0.197872972523447 -0.015141869046672 -0.015131657343843 -0.022651430998435 0.049026211190611 0.998425949300216
1704749418.202424 0.036550551297974 -0.204769107411087 -0.017052335119434 -0.012177950656660 -0.017524016811672 0.049675295068359 0.998537416130437
1704749418.404138 0.039703774429188 -0.209802108260636 -0.026176512122344 -0.012197752508670 -0.016170368052550 0.049154580961112 0.998585780592388
1704749418.706748 0.033913961631557 -0.212706478550020 -0.031707288567102 -0.012758247650318 -0.015388636860339 0.050202748774102 0.998538983208962
1704749418.908441 0.030219259922348 -0.207196958756019 -0.029864117127259 -0.012850842771285 -0.016895228423446 0.049660749091115 0.998540543541565
1704749419.211004 0.030057523452951 -0.206705169419372 -0.033367442032020 -0.013931507264129 -0.015567793500343 0.050122094331330 0.998524577850093
1704749419.412730 0.030945234634516 -0.208704754333556 -0.035413959251480 -0.014471675741010 -0.016395104312939 0.049816531444251 0.998518945413990
1704749419.715303 0.029167134729759 -0.207791172200897 -0.042587732360073 -0.014739592028026 -0.017838490436346 0.049791246401187 0.998491544514825
1704749419.917063 0.033281320184705 -0.207284152011463 -0.042842650256724 -0.014349918229826 -0.016840159412089 0.049396628968311 0.998534156613747
1704749420.219604 0.034583413809915 -0.201660745191006 -0.041682164967581 -0.012990425375482 -0.015930766054524 0.049187739910281 0.998578001852626
1704749420.421313 0.032193999684510 -0.201136075627618 -0.034260042728285 -0.014783904667020 -0.017623513697019 0.049412711624585 0.998513511104210
1704749420.723913 0.027640075689547 -0.206968823888107 -0.030106478182908 -0.013629627490966 -0.016901013349834 0.049872620775485 0.998519559497548
1704749420.925633 0.027956807059182 -0.208130821710228 -0.031549346666207 -0.013858718805271 -0.018513331711008 0.050164566644276 0.998473188781458
1704749421.228209 0.027484104427901 -0.211189755192065 -0.036518287678841 -0.013580929596897 -0.016330764315951 0.049896498902545 0.998528519314994
1704749421.429907 0.030918702011368 -0.208894537787732 -0.032869024317621 -0.013372119609693 -0.016323067403881 0.049886484513154 0.998531963710013
1704749421.732497 0.034567343561159 -0.205445471415854 -0.031318006738111 -0.013646067888029 -0.016120364865302 0.049351060454994 0.998558156293242
1704749421.934195 0.031795096239565 -0.202676745749277 -0.035052573979601 -0.013625623415538 -0.015433840295960 0.049990568732114 0.998537471504241
1704749422.236880 0.031244009550083 -0.207073645403443 -0.042715715339248 -0.014380628548680 -0.016154878643521 0.049965057960218 0.998516755193211
1704749422.438534 0.032134042878236 -0.205783875525697 -0.041442563602330 -0.014834848310481 -0.015959387116283 0.049409751605120 0.998540886336051
1704749422.741085 0.032262697547603 -0.209015169103054 -0.045491775651023 -0.015802490143155 -0.018822320187024 0.049471898020468 0.998473100726451
1704749422.942784 0.032749647762687 -0.208922699544312 -0.045528625461607 -0.014712576999666 -0.017569370955901 0.049807774321278 0.998495890276667
1704749423.245380 0.032801747829899 -0.207732709359622 -0.041625927774157 -0.014472362538093 -0.016738443978777 0.050016908256001 0.998503221879747
1704749423.447123 0.032722001997496 -0.206516364381988 -0.036696798992503 -0.012930106421332 -0.015834661487709 0.049817749994297 0.998549081231863
1704749423.749655 0.032969318476379 -0.203170057352387 -0.033209939280108 -0.014306621516825 -0.016298857946261 0.049777575407618 0.998524842353434
1704749423.951375 0.035966782603922 -0.202128674686290 -0.037961654787257 -0.013641719169650 -0.016295635405007 0.050072002739738 0.998519479182286
1704749424.253952 0.036360720380434 -0.204617117514726 -0.039066393785670 -0.013229787809950 -0.014614430628122 0.049428127172291 0.998583121916323
1704749424.455682 0.021674076937285 -0.202715611378440 -0.058285100743051 -0.015679108008595 -0.006496469311707 0.050289435309080 0.998590473695208
1704749424.758364 0.004620586277751 -0.212358351559320 -0.065902631512114 -0.016938973951980 -0.004715094321128 0.053921610329375 0.998390354013135
1704749424.959981 -0.000671655442682 -0.213100518676013 -0.068036656682264 -0.016680539328881 -0.006019805489764 0.054955132146384 0.998331335279188
1704749425.262550 0.000260296888335 -0.199160891840852 -0.070886592435630 -0.013027174914911 -0.006473662251405 0.063235211270769 0.997892625719984
1704749425.464259 -0.000363756049296 -0.195577415999702 -0.074703999096300 -0.011836042493876 -0.005774643609687 0.074188812104570 0.997157250260844
1704749425.766845 0.016928762689503 -0.195749932005787 -0.085016804626419 -0.013287252356785 0.001269820714227 0.078622553113129 0.996815093496342
1704749425.968609 0.068048184889598 -0.194687432490558 -0.066129494355573 -0.014582291904232 -0.004741151431166 0.078194943481879 0.996820158834973
1704749426.271163 0.161675201726960 -0.196876162951846 -0.058113006791051 -0.013437889097827 -0.004003197082755 0.083432976867896 0.996414740918991
1704749426.472876 0.227135756165014 -0.193051406055888 -0.076375029675972 -0.015843725348974 -0.007173200636923 0.086637298974601 0.996088098506383
1704749426.775463 0.300920981212829 -0.169966532274604 -0.077112041131767 -0.012907093340584 -0.004049144034032 0.094532822502916 0.995429835218789
1704749426.977142 0.348149874469366 -0.157658398584651 -0.067515305310205 -0.010311005320171 -0.002216076611687 0.103058851047967 0.994619346983757
1704749427.279731 0.427367430717114 -0.141689237039552 -0.050756337648509 -0.009961409662282 -0.001273615153106 0.109573475261510 0.993927966072533
1704749427.481450 0.492927296140673 -0.119857828064173 -0.046521987921152 -0.010418787120948 0.000373943289149 0.111990528904123 0.993654583080611
1704749427.784030 0.610091881042558 -0.077748961659812 -0.040037106877010 -0.008159540010119 -0.002053867149274 0.123717759363451 0.992281774273126
1704749427.985762 0.689772134787213 -0.051971588853864 -0.034818099999976 -0.011256260452996 -0.002862599555946 0.124806058229442 0.992113173964343
1704749428.288312 0.793430219918329 -0.027632597599465 -0.032841811353262 -0.012932600271918 -0.003118789775241 0.130023088672382 0.991421715221438
1704749428.490053 0.866826301454575 -0.020699072806517 -0.037869181901588 -0.012260958651086 -0.000105746900102 0.134628754573248 0.990820244117257
1704749428.792602 0.976388431481596 0.015393393711162 -0.052012349904579 -0.014954497536781 -0.002342932120563 0.138595834834781 0.990233340298600
1704749428.994338 1.045090670983685 0.041622417674407 -0.065575882979853 -0.014312165987344 -0.001687544323016 0.138282626633188 0.990287952703811
1704749429.296898 1.152042397519652 0.061542813872855 -0.055888116463364 -0.012851861787133 -0.000075146636906 0.143217836194287 0.989607738145465
1704749429.498629 1.228898783368475 0.080285677936642 -0.041864590497642 -0.011458917174626 -0.001918950830725 0.142374058576187 0.989744733903348
1704749429.801193 1.330985559820236 0.120702869393719 -0.019657098600788 -0.006723756406589 -0.001861276924579 0.148629861099295 0.988868288063466
1704749430.002995 1.398453216794912 0.144807859436334 -0.008504946105845 -0.007578988580974 -0.005848197133387 0.155806081235463 0.987741273093513
1704749430.305492 1.500795679261082 0.172592482015626 -0.005499235640393 -0.006538261967309 -0.004401577478742 0.134961787467520 0.990819455385130
1704749430.507239 1.563905007428651 0.198192659771581 -0.010323228521859 -0.000699103280469 -0.004426159972928 0.145209832012961 0.989390734264896
1704749430.809812 1.675431553820066 0.222201135901939 -0.009002571105743 -0.001517652608157 -0.003537218163529 0.118855186058426 0.992904139162088
1704749431.011504 1.744223325303356 0.244190610736213 -0.014478090056217 -0.005302526593008 -0.002532817997039 0.095072215280447 0.995453033511054
1704749431.314069 1.844813635580719 0.260962625550889 -0.015829173059603 -0.006598135427229 -0.002255795522395 0.093109325777043 0.995631472709032
1704749431.515794 1.916913256530685 0.265040849566091 -0.015374395531758 -0.009917253085839 -0.002963839960783 0.092339812096735 0.995673753217300
1704749431.818373 2.027015997654111 0.263858090196678 -0.008263153768377 -0.014681065921136 -0.005201842423534 0.096734420293662 0.995188353563905
1704749432.020084 2.078681426601584 0.272224965348666 -0.006004643975080 -0.009299246156904 -0.001674109860724 0.105026040868528 0.994424583423266
1704749432.322664 2.171966386737633 0.297909968584429 -0.009205015464068 -0.005987708775246 -0.001411463079141 0.106088114366846 0.994337702747740
1704749432.524377 2.251033343434326 0.309489279896668 -0.007873934956233 -0.002959569665459 0.000178128011627 0.081536719185477 0.996665928304083
1704749432.826888 2.376055243773599 0.335200042421131 -0.009475337432890 -0.001569856717300 -0.000887082125863 0.054500063219320 0.998512139006956
1704749433.028689 2.461184389153054 0.352983908056997 -0.002802219112317 -0.005324260716759 -0.003771879420136 0.056067102748818 0.998405681655898
1704749433.331248 2.588209612766300 0.368904902902831 -0.014478551831409 -0.008794321130056 -0.001836335027174 0.063757114896594 0.997925006245237
1704749433.532979 2.677829277964172 0.370752183809072 -0.023028952863836 -0.007035237748925 -0.003059624482037 0.060496939511372 0.998138900372871
1704749433.835554 2.814856002909400 0.367862805868443 -0.017169065481062 -0.003204284291314 -0.001984957888603 0.022119592389457 0.999748226373445
1704749434.037277 2.903617953593443 0.364430935020224 -0.023911251104715 -0.003507414958586 0.000831512574859 -0.016557338482943 0.999856420277168
1704749434.339845 3.046127086543113 0.351458872271947 -0.013187534831272 -0.000364681049497 -0.000551613932552 -0.072668725252015 0.997355913954500
1704749434.541576 3.138208003839929 0.333183706052245 -0.028306679149333 -0.002805078594145 -0.002942687777614 -0.116164997105690 0.993221609496152
1704749434.844132 3.257326064734441 0.287485832457650 -0.012693156838930 -0.004556710136553 -0.004397352542358 -0.183056230057882 0.983082049637929
1704749435.045864 3.330302614947641 0.244793412967715 -0.003474578310093 -0.003013081678718 -0.002099327655856 -0.220983122057059 0.975270718276763
1704749435.348426 3.445499936993333 0.155590196210016 -0.019788575554348 -0.006778191885238 -0.006279954818821 -0.283643118354954 0.958885394451332
1704749435.550167 3.514954955716674 0.100172296090308 -0.005176277906490 -0.003373706279322 -0.008578569373972 -0.329627070696040 0.944066216172231
1704749435.852830 3.609224414732531 0.006160169455250 0.001854124069450 -0.000364841849393 -0.012511072383726 -0.387561554217223 0.921758852222715
1704749436.054548 3.654915318419730 -0.054662433079767 -0.016369943163984 -0.002618674599110 -0.015650536839067 -0.427578636835686 0.903838875332159
1704749436.357024 3.731723380592535 -0.153468584516458 -0.014448192652979 -0.001191872899388 -0.014039039515337 -0.478617329283851 0.877910551774863
1704749436.558735 3.780331954352988 -0.229720661225031 -0.030320150611312 -0.003575139085814 -0.012736794826604 -0.503211594425004 0.864061967496706
1704749436.861305 3.817339527813897 -0.357171423574541 -0.012780900770723 -0.005355543484938 -0.010880611586276 -0.551141080338310 0.834323941888870
1704749437.063050 3.838720635155173 -0.453217714236391 -0.000866727819783 -0.008890485657135 -0.008753840771452 -0.587625759017626 0.809036647424243
1704749437.365603 3.868415794215967 -0.596585638533999 0.003289502093839 -0.007132569308212 -0.006829417264707 -0.634884576513259 0.772543888734123
1704749437.567321 3.872097776221175 -0.682275719157827 0.012097717532912 -0.008387367741162 -0.005692465638515 -0.661954713444529 0.749475286614491
1704749437.869898 3.880551561882625 -0.777494465575335 0.024920639070169 -0.006602670409780 -0.006618297703210 -0.665687116138952 0.746172410563100
1704749438.071649 3.890447240868354 -0.847949320932031 0.014040797963624 -0.004235923013840 -0.003352554382789 -0.656902022299299 0.753956597182089
1704749438.374157 3.917257611756316 -0.975723004677507 0.013949549168102 -0.009016394609818 -0.002671759160123 -0.639778798473116 0.768501564966200
1704749438.575910 3.929378183458311 -1.067523360896855 0.023434235978131 -0.005471460742200 -0.004400047510863 -0.636869071084284 0.770940003499275
1704749438.878509 3.966098842044215 -1.197019326505663 0.038128660468996 -0.002906088381335 -0.004248652300949 -0.631056734495488 0.775719602338245
1704749439.080204 3.983624827129548 -1.291031988400970 0.045697371254842 -0.005742158225048 -0.005909518967273 -0.629186456273984 0.777210723321449
1704749439.382824 4.017036479532006 -1.435493727910651 0.051564202057768 -0.003825279045283 -0.005133802099441 -0.622602053669950 0.782512424235014
1704749439.584501 4.038320677176643 -1.534493616263880 0.055682090482209 -0.003250111104031 -0.002908320203229 -0.618709890866479 0.785607439753063
1704749439.887137 4.074078453083314 -1.668226466658112 0.049894087087029 -0.000285529121690 -0.003886317660535 -0.628326889792897 0.777939672835439
1704749440.088829 4.097636155571608 -1.753505643581037 0.051393839673971 -0.000015057126578 -0.017376421315863 -0.651693469396486 0.758283378231035
1704749440.391385 4.121953936037094 -1.896316272858798 0.057921880320526 0.007183282153944 -0.026091093644606 -0.708570458996428 0.705120954111759
1704749440.593138 4.122046300773461 -1.983135385287873 0.069240073471101 0.011051678339442 -0.021837951770259 -0.751880032955551 0.658845490468806
1704749440.895704 4.081706956267436 -2.101431939401443 0.066594951394267 0.009719885713603 -0.013741634492536 -0.804589634195188 0.593592631228523
1704749441.097391 4.036604391556055 -2.186136194015034 0.065631449952815 0.007432829899268 -0.011394276737442 -0.835636763662976 0.549113943286952
1704749441.400023 3.961538772831380 -2.303146711038096 0.045002756361290 0.002796133161832 -0.006631852524272 -0.875800574442810 0.482619471195518
1704749441.601676 3.898451360603655 -2.377175110921806 0.045868647810935 0.000679989807063 -0.019077650799361 -0.894559285193561 0.446541449506971
1704749441.904253 3.807255101896218 -2.466753616781991 0.049236246410167 0.003009634829814 -0.019580037050727 -0.922984438698602 0.384327061456084
1704749442.105978 3.736766728615252 -2.521833388786832 0.054174844409450 0.000891526218222 -0.011207463152489 -0.941500813624705 0.336823122565342
1704749442.408547 3.624088121447810 -2.588962853717279 0.041478154414272 0.001802325620207 -0.006816996006850 -0.960310558106947 0.278843884953725
1704749442.610274 3.555020603321722 -2.625107468521096 0.036609327343106 0.003247967726003 -0.005741184662256 -0.970233439164863 0.242081727998227
1704749442.912868 3.449698211113833 -2.671063398873721 0.025027202516140 0.004094073927988 -0.018004693975060 -0.982975846009557 0.182804692815290
1704749443.114562 3.366317659494980 -2.704958120099288 0.025208322808856 0.002791492760216 -0.026991967399674 -0.988668877547646 0.147639736631784
1704749443.417159 3.236775634815160 -2.732290714855303 0.026472131489291 0.002878586051271 -0.031339724422039 -0.995729686780674 0.086786671091351
1704749443.618856 3.146313777664188 -2.747782290557802 0.037406359241655 0.004389554129603 -0.022577999321295 -0.996317133803113 0.082602267835091
1704749443.921449 3.015849815520716 -2.772774591030896 0.039802699558133 0.004355462490958 0.001178848401616 -0.992802856535956 0.119675094806482
1704749444.123149 2.935241906423316 -2.786006827137469 0.048913121184838 0.003230198879930 0.016807040525400 -0.991762982472392 0.126938078610778
1704749444.425731 2.798392253369891 -2.821430372829360 0.038964813869253 -0.002173763128099 0.006748483521228 -0.990830134322407 0.134927305029878
1704749444.627490 2.708868415632664 -2.856363119299224 0.030383907967464 0.002013956276328 -0.002681622917434 -0.989634551973858 0.143569517719123
1704749444.930035 2.593218805580018 -2.898435382538144 0.030161329800176 0.001820598211611 -0.011744214350170 -0.988238936251751 0.152455120371246
1704749445.131771 2.516259505590746 -2.922588343871866 0.034133347896959 0.004948434014856 -0.017790878661254 -0.987709210410072 0.155207967927957
1704749445.434350 2.392027729204485 -2.969643474773494 0.016505511730328 0.004092959312618 -0.016631388529826 -0.986855084928570 0.160697498269926
1704749445.636040 2.323705459730541 -2.989726496607943 -0.003606707274752 -0.001463074468365 -0.004141211154962 -0.988271843395788 0.152641650064177
1704749445.938647 2.199775785729119 -3.015994067971088 -0.017511877701291 -0.003712205900276 -0.001050428634135 -0.992650422120806 0.120955593464609
1704749446.140332 2.109337114875406 -3.028162821960949 -0.021874879310577 -0.001261140087611 -0.000071218849909 -0.994930478139231 0.100557188321616
1704749446.442908 1.975253679357670 -3.046589328696999 -0.031127966505632 -0.000839097557653 -0.000987943402815 -0.998264457985183 0.058876071596420
1704749446.644624 1.884159901003992 -3.064549262285644 -0.023348991405623 0.002501325350067 -0.002139457089106 -0.999382321349462 0.034987738837659
1704749446.947201 1.747224856188322 -3.065349855587218 -0.028127778235504 0.004022440376541 -0.000557091686313 -0.999940708009406 0.010103963968290
1704749447.148929 1.651972153222164 -3.072227623675611 -0.031392819019437 -0.001425892715608 0.004205455389571 -0.999936376054347 0.010369417446561
1704749447.451506 1.518154487255528 -3.069327642780252 -0.036686954535553 -0.001261524179826 0.004196827775261 -0.999865253705718 0.015819912304561
1704749447.653211 1.428400835408910 -3.071038185032693 -0.033976692856480 0.001207785666332 0.001568914892665 -0.999740915926699 0.022675554719585
1704749447.955791 1.275971846938381 -3.084197025639169 -0.027062983487225 0.003546899645716 0.002177527169440 -0.999745769927787 0.022160175761444
1704749448.157512 1.178778000882600 -3.087483324218556 -0.021150614623480 0.003642447372326 -0.003608045305776 -0.999983008046829 -0.002774563709356
1704749448.460087 1.041607727877793 -3.076253746959428 -0.003412612306669 0.001398564737640 -0.023364890730539 -0.998319960781258 -0.053003601797242
1704749448.661800 0.938563299351890 -3.054201922868232 -0.009413294084885 0.005691582813016 -0.023161562439281 -0.995331794285930 -0.093518806632427
1704749448.964384 0.796782276512283 -3.000252869703974 -0.003826819596554 0.004886264318305 -0.018837901373363 -0.987065163073359 -0.159133974184559
1704749449.166091 0.707030994565013 -2.960609641022280 0.002447687843060 0.009193645820200 -0.010569677843635 -0.982337308959550 -0.186593596387631
1704749449.468731 0.578011627827533 -2.898413953654604 0.003770735143098 0.005319405330908 0.009256398203173 -0.979741466518905 -0.199981703669512
1704749449.670405 0.484045483794043 -2.856004714361468 0.002826832158772 0.003571409594017 0.002107497903309 -0.973213896154880 -0.229864124684747
1704749449.972990 0.345356881459846 -2.785955851107513 0.025720715264998 -0.001492673262667 -0.016822605793675 -0.962145459678783 -0.272012658308936
1704749450.174679 0.258289659744582 -2.735117710194597 0.019017640695147 0.000449288736149 -0.019469280714060 -0.953518871998184 -0.300703352145214
1704749450.477270 0.137377069943988 -2.639488413669701 0.001414044843932 -0.000611107157025 -0.019717044634465 -0.937856048248716 -0.346463414319865
1704749450.678994 0.067191313609635 -2.558228657390888 -0.009459573756784 0.008667733173063 -0.012941222673228 -0.926903457055845 -0.374976501204059
1704749450.981565 -0.023740017245728 -2.434116254131135 -0.009903603683615 0.012923958814428 0.000978488963743 -0.906825661086638 -0.421306579871052
1704749451.183266 -0.073008732770395 -2.357029630827633 0.002468727498619 0.008940486118710 -0.002054129287415 -0.892804439246666 -0.450351064750855
1704749451.485844 -0.145781369081455 -2.243409783618388 0.010378939500656 0.005847670935660 -0.004867649127356 -0.893943318352822 -0.448115447523175
1704749451.687585 -0.204780279577045 -2.164309665507416 0.018820054766488 0.006473235137410 -0.006624620129171 -0.894022093549038 -0.447927123404180
1704749451.990158 -0.302730541865883 -2.046728038284570 0.023240222539830 0.006177104748988 -0.004526835640188 -0.897726698697175 -0.440486237676304
1704749452.191889 -0.366862539286600 -1.969817973076580 0.017152311535710 0.009173534007944 -0.000966329124953 -0.899755505265659 -0.436296852184283
1704749452.494433 -0.466613419996315 -1.841611396425136 0.019425004374346 0.004567716496738 -0.001641339044953 -0.901751146298873 -0.432228310179653
1704749452.696157 -0.530650082435009 -1.755585628537189 0.021989146321421 -0.000848204898207 -0.010662740395587 -0.898764481944634 -0.438301257710319
1704749452.998725 -0.616933276299640 -1.613918919631231 0.011792653178045 -0.000136761311999 -0.025944727179213 -0.880227689496283 -0.473841816508337
1704749453.200453 -0.662027139145606 -1.529919056839048 0.019143287148922 0.003531861800439 -0.017871647781858 -0.863471836543666 -0.504067969279577
1704749453.503040 -0.717359229701729 -1.394898880047252 0.011780370806029 0.004722660712955 -0.015408145401739 -0.836160554859558 -0.548247947582086
1704749453.704754 -0.744577027688178 -1.311549159520253 0.005182366443683 0.010468625042278 -0.018101236847088 -0.813882632521042 -0.580652920077813
1704749454.007322 -0.765049941664246 -1.182288392372633 0.007377833309791 0.013024825751074 -0.015345797753486 -0.772366247292800 -0.634858441267217
1704749454.209037 -0.778911970059208 -1.095335826812571 -0.002556063606657 0.007295595523143 -0.015384394737468 -0.746439837086372 -0.665235044397793
1704749454.511613 -0.782238732061232 -0.950241783221748 -0.012946142239866 0.004158836249197 -0.014681944093732 -0.702107966873746 -0.711906979493131
1704749454.713266 -0.771837564217478 -0.842676320826593 -0.022399850508632 0.010692200490468 -0.013626559005662 -0.666492113257209 -0.745310845690718
1704749455.015905 -0.750467520191066 -0.690778144626636 -0.029359559826628 0.011276182002517 -0.010840189121205 -0.620041923724426 -0.784412742657407
1704749455.217628 -0.721503649357362 -0.593912152862947 -0.045709292888468 0.013731453014077 -0.007174166681091 -0.589471589981704 -0.807640528412816
1704749455.520221 -0.654700454531367 -0.465177000498026 -0.054443434277627 0.012318995878164 -0.003067698436913 -0.536720305535865 -0.843664711358891
1704749455.721938 -0.605207166543444 -0.385761047714224 -0.058465652060861 0.008681552697417 -0.006573257550968 -0.503535699091820 -0.863905795019329
1704749456.024558 -0.518341617942043 -0.267498163862263 -0.057852736510940 0.006914264992164 -0.003282217266188 -0.445212414946830 -0.895392274685561
1704749456.226258 -0.463600045577139 -0.202733326360763 -0.071453863193141 0.012246528386986 -0.000996654045495 -0.398600163858052 -0.917042495523217
1704749456.528800 -0.353963019730138 -0.117278184764309 -0.040220138765985 0.006822883519168 -0.000047801345233 -0.335303634901323 -0.942085409290159
1704749456.730505 -0.280888939055496 -0.064663106775528 -0.032640089543478 0.010418921481719 0.002734297644086 -0.293761426729780 -0.955818075711674
1704749457.033082 -0.164770730124159 -0.010935006628145 -0.039298741049385 0.011374891105918 0.002796352700866 -0.227959668107020 -0.973600113999773
1704749457.234809 -0.083860573245023 0.021085158299333 -0.041840165241381 0.005893558915349 0.003119727930895 -0.191110218154777 -0.981545932586812
1704749457.537383 0.027712168846392 0.046668806429755 -0.034272968283875 0.005712716896659 0.002881295519018 -0.123858214416908 -0.992279298243784
1704749457.739094 0.100211529637131 0.056119742615599 -0.024160538584759 0.007679130229518 0.000678514085493 -0.073917715498685 -0.997234547091576
1704749458.041702 0.205734257886259 0.077857163055376 -0.023635177193789 0.005473977171403 0.001114169868058 -0.050654140581551 -0.998700631941979
1704749458.243427 0.288699988654760 0.073386262929281 -0.031400304587512 0.011881297353502 0.003213304409755 -0.043439306672478 -0.998980248094882
1704749458.545982 0.423698777722543 0.078298169378350 -0.042279453810169 0.013846866684867 0.004975764685734 -0.034517014733762 -0.999295792917495
1704749458.747682 0.517495018648705 0.092002829541121 -0.046120077506836 0.008989530766312 0.005624903396768 -0.044229460617284 -0.998965116313783
1704749459.050262 0.656474920344773 0.116124794188410 -0.044244631287217 0.008167493285893 0.004397131987912 -0.066354052765791 -0.997753024032094
1704749459.251977 0.752931948924247 0.133424400839163 -0.042194012497318 0.009603347669604 0.000565892186419 -0.070135512429110 -0.997491085361571
1704749459.554554 0.894792816300100 0.150959587597476 -0.038696537811996 0.009532623102331 0.000697739170295 -0.078359890497321 -0.996879315573363
1704749459.756289 0.987493685332215 0.164853909526980 -0.032248504535833 0.013249800874977 0.002753307705415 -0.080691403116362 -0.996647259333259
1704749460.058847 1.130799522554802 0.187998408182446 -0.038825285015669 0.014484454103066 0.002599921094754 -0.088023143691497 -0.996009722429573
1704749460.260622 1.223789341676923 0.213428500024388 -0.035402995739656 0.012880018034540 0.002491388833801 -0.093979149681255 -0.995487728473952
1704749460.563148 1.365921203445952 0.245495062233726 -0.026597564468488 0.011652084880533 0.002988166242221 -0.100878953807577 -0.994825983003593
1704749460.764860 1.465735072831237 0.260949768478681 -0.019356963260419 0.008424608917190 0.002947600679009 -0.103878353451124 -0.994549961187994
1704749461.067445 1.610040976513706 0.281560282849366 -0.016299130564648 0.009322866192433 0.001289735822151 -0.112085927265855 -0.993653946631496
1704749461.269168 1.710597824385417 0.305103388918005 -0.008562415784904 0.012459902514616 0.000694673180332 -0.116013704236342 -0.993169214528817
1704749461.571730 1.868698556171455 0.342490172049450 0.000362849536114 0.010822170438468 0.001883321383281 -0.118893247461185 -0.992846276840291
1704749461.773474 1.961420505256082 0.367684841397245 -0.003341757378873 0.010518649249892 0.001169901532971 -0.107838560337407 -0.994112083345053
1704749462.076024 2.095541012032627 0.405479849728030 -0.019428285457486 0.008501409560557 0.000801068970073 -0.061108863096336 -0.998094580275331
1704749462.277758 2.178512349193544 0.414251215786185 -0.029025815973344 0.004821682570085 0.003522468662617 -0.018954869117554 -0.999802508762795
1704749462.580330 2.313910726944671 0.408764274066868 -0.032814703235285 0.006455781935450 0.001397399858571 0.017282834230742 -0.999828822246146
1704749462.782060 2.406298572981492 0.389127360081397 -0.019422481087875 0.009696803233375 0.000811272808377 0.037731769351896 -0.999240525311591
1704749463.084612 2.557501683307954 0.359495453594149 -0.015898269059713 0.009883015102112 0.002135309876017 0.047749262187191 -0.998808176991322
1704749463.286331 2.658427921089922 0.339681714865520 -0.018198837624336 0.012485895263616 0.000923893083883 0.034154192784499 -0.999338150956023
1704749463.588908 2.810497789092735 0.337166647391681 -0.014916056812429 0.016101886449969 -0.002189702042477 0.005616856583056 -0.999852181764770
1704749463.790631 2.909410765893410 0.350992800346595 -0.012969315715650 0.008193634565100 0.000030519724565 -0.004665532927941 -0.999955547123765
1704749464.093204 3.053709563684661 0.375401220036177 -0.011004588646061 0.005169956869592 -0.000180388594768 -0.001844797025578 -0.999984917751153
1704749464.294919 3.149825492335219 0.373991126246144 -0.010765828292865 0.006800548285232 -0.000686660574371 0.034912548825975 -0.999366997141026
1704749464.597497 3.288848253875607 0.366981782096827 -0.012875551518213 0.004364139531231 0.000587592704946 0.090969603060445 -0.995843933726522
1704749464.799232 3.382033070028670 0.338244476786143 -0.020326904042689 0.003455431429515 0.000258767929869 0.131598550031402 -0.991297036544724
1704749465.101791 3.508738052213127 0.282435297757277 -0.027505176018937 0.006374992130259 0.000913159603328 0.191353919800811 -0.981499976052809
1704749465.303510 3.574644961066130 0.242619179780854 -0.035999725934724 0.001464663524404 0.007889713302573 0.229923502449792 -0.973175621460949
1704749465.606117 3.690360232493330 0.179191249919520 -0.038821656702457 0.005369128242974 0.010243740635009 0.286192669210967 -0.958102288030633
1704749465.807811 3.763239364308613 0.100600049369548 -0.029750104338256 0.011671666535177 0.009459798743826 0.292088648148355 -0.956273238165119
1704749466.110388 3.875670543978620 -0.009983662775166 -0.021628319450918 0.014617014428975 0.006277126561283 0.299899513601458 -0.953838153101900
1704749466.312134 3.946622906425502 -0.060469351289083 -0.019982851080597 0.012735871781768 0.003989046210179 0.325411611546757 -0.945478274816904
1704749466.614712 4.052861965087271 -0.145717041734644 -0.024898025339773 0.005573347382967 0.011528859900909 0.382184534250318 -0.923997297056714
1704749466.816417 4.133260094619503 -0.206218572668635 -0.024710536050780 -0.009189059409362 0.016304507053487 0.420514734623457 -0.907092653592449
1704749467.118968 4.198830859272826 -0.321744471424945 -0.003317716675774 -0.010470411923733 0.021642280779961 0.490178106782951 -0.871290655170468
1704749467.320604 4.222543277144646 -0.404814573884235 -0.003901908079549 0.002752759022967 0.017467670144191 0.537323180711416 -0.843191023604720
1704749467.623261 4.257263285383143 -0.547302102511946 -0.004998257713687 0.002696252498914 0.009798691487530 0.599613568968301 -0.800225145678768
1704749467.824981 4.268550713641449 -0.627471520384699 0.001844446457951 0.004154312333222 0.009608446404161 0.637571245388956 -0.770320275275049
1704749468.127574 4.286758622845834 -0.755811580025312 -0.002639446278620 0.007621767627471 0.011778939540976 0.655537055838767 -0.755032670593584
1704749468.329281 4.292074059767367 -0.840735294460234 0.017564564276736 0.003477190705194 0.015437470556382 0.673212680777703 -0.739279568287691
1704749468.631856 4.296602029804391 -0.978598999284580 0.025614876197739 0.006578939081155 0.010177749623271 0.680414789401321 -0.732726992362805
1704749468.833580 4.300485303641392 -1.069516245224069 0.028535780047166 0.004303204090211 0.004493921703578 0.684151443204900 -0.729313437325027
1704749469.136153 4.302050144033885 -1.198739821333505 0.026104309282955 0.003169954114406 0.006580386612044 0.709413599248916 -0.704754563733758
1704749469.337861 4.303212073940321 -1.287836370800968 0.034211660706104 0.004330428812420 0.011500365564247 0.719145672490561 -0.694750668021414
1704749469.640445 4.298728457016365 -1.422417676529335 0.063757649363476 0.003208647057692 0.013162814983222 0.714629513972300 -0.699371934413587
1704749469.842157 4.302369256543138 -1.522285067047828 0.061780896327983 0.003718780373455 0.008404932336967 0.709180972708732 -0.704966577741634
1704749470.144825 4.296769837767620 -1.657273770755500 0.047224001538579 0.004683990657036 0.001652139184762 0.704361894698175 -0.709823676672416
1704749470.346452 4.291631377355458 -1.740052396492775 0.046077700040492 0.003618039756987 0.003163009379365 0.700437213960007 -0.713697845351824
1704749470.649046 4.298973817730766 -1.874040141161819 0.041078553008588 -0.002637171623352 0.003435541589562 0.708270767485262 -0.705927589987503
1704749470.850745 4.291329826141844 -1.967581788216721 0.045441864852689 -0.003110765596537 0.013984218039545 0.731895613587286 -0.681266156208297
1704749471.153322 4.291135934736023 -2.117417236488147 0.074357458794508 -0.003703756903953 0.019770878667830 0.735933861976667 -0.676754568021171
1704749471.355041 4.273587521190946 -2.216864113143133 0.086912454704729 -0.005523084804639 0.017391736645096 0.740197220089526 -0.672142171272090
1704749471.657631 4.255386396247918 -2.377855696407776 0.080754945988888 -0.005631604725816 0.015973374753221 0.764692397079466 -0.644172860477667
1704749471.859342 4.232869992511666 -2.479188268621945 0.094813617825724 -0.007610228329649 0.019564615351504 0.790558734590168 -0.612026304511518
1704749472.161916 4.182969005992690 -2.622298498916632 0.092355316900703 -0.013627957324102 0.024578674457202 0.834715569053797 -0.549963713639555
1704749472.363637 4.137755631630643 -2.702974169858552 0.075423575268597 -0.016452425688921 0.026508168074622 0.867893020700896 -0.495770450241709
1704749472.666222 4.049698467193955 -2.795474762430566 0.072091186194845 -0.007548869852397 0.027302603852297 0.911274433479925 -0.410824158579544
1704749472.867929 3.976257810742867 -2.841966459646861 0.069189325719997 -0.006778097722282 0.028252260386998 0.934314723122735 -0.355263093115923
1704749473.170517 3.860235149200967 -2.890389948573785 0.062901455366808 -0.006775281136602 0.018978592748173 0.963190971469717 -0.268061673989320
1704749473.372230 3.770920201448119 -2.930464751755301 0.045715650412155 -0.000505876049583 0.013741706652123 0.975540571649430 -0.219388930107076
1704749473.674830 3.637025486952595 -3.006895611479784 0.029366115588037 -0.001439937837999 0.015145863039031 0.978171355769199 -0.207242196872139
1704749473.876512 3.550486196172387 -3.060967269016774 0.028298281695027 -0.001922480410637 0.008262378874366 0.978453795876270 -0.206291557024617
1704749474.179090 3.414954391710774 -3.129132211532588 0.028093525186214 -0.003567062387763 0.007371620288815 0.982800241410208 -0.184490164410446
1704749474.380822 3.330301817263076 -3.157311657392336 0.032118346666997 -0.004200166904355 0.015625161208578 0.988447472703632 -0.150697732699936
1704749474.683400 3.195589103405656 -3.182711241928685 0.030633803378760 -0.005333458567487 0.018310235758752 0.996006941420387 -0.087215033844465
1704749474.885102 3.100725234851999 -3.185545771082610 0.040503328682065 -0.003588146938661 0.021531373359400 0.998447237760569 -0.051250742150809
1704749475.187687 2.954249936210421 -3.188562261609018 0.044339105623437 -0.003033548378240 0.024688041243278 0.999679116082690 0.004791979951808
1704749475.389397 2.855263907971934 -3.170453916398893 0.039807128202782 -0.002057581952870 0.017047012610755 0.999603215936854 0.022328824558759
1704749475.691972 2.715500805447954 -3.144637397810738 0.026067858947842 0.001775794190602 0.004657275553270 0.999812080517807 0.018733926176553
1704749475.893718 2.622657182675651 -3.128400600890141 0.026887822581854 -0.001695082912244 -0.005367344881518 0.999915005533485 0.011760102539320
1704749476.196266 2.485605756529576 -3.116840291535687 0.020409173856733 0.004298929523619 -0.000968981810119 0.999965565274047 -0.007031965961113
1704749476.397995 2.386655662309016 -3.133083715045470 0.013579774695436 -0.002251359967511 0.003680408646073 0.999783382869152 -0.020361073378587
1704749476.700604 2.243482390447884 -3.163034099009340 0.017697361320130 -0.002202551125332 0.019764048314574 0.999437741818191 -0.026995025320113
1704749476.902286 2.146203163240290 -3.175923527446829 0.021587251486933 -0.003026117082480 0.020914158585183 0.999445834103003 -0.025718967322768
1704749477.204872 2.001252324260851 -3.193191137065358 0.026933509079507 -0.001048512371163 0.020169308909900 0.999282485844704 -0.032040803420884
1704749477.406619 1.908903361080855 -3.194315282803173 0.020298569112509 0.000313210951934 0.011950113787918 0.999393620463017 -0.032703028255810
1704749477.709165 1.777047312093152 -3.199927965405259 0.021658264899079 -0.001698102390918 -0.000442203535487 0.999224883468402 -0.039326240117514
1704749477.910874 1.680034234269083 -3.199628182897238 0.014538798042815 -0.000238816390108 -0.002845090732355 0.998743411464602 -0.050034452944169
1704749478.213494 1.527945097032229 -3.210217181024892 0.013055320448392 -0.002618919630130 -0.007306072244809 0.998455169383288 -0.055018517792019
1704749478.415179 1.429639622840853 -3.222207273768784 0.003600843625851 -0.002998284326793 -0.001144106616816 0.998602584874675 -0.052750154432736
1704749478.717760 1.287093310530649 -3.252330262995420 -0.000750919689051 -0.003843337382737 0.003732247794824 0.998237959191076 -0.059095481334096
1704749478.919454 1.186873531076563 -3.269158223669802 -0.001816249262155 -0.002695465527224 0.003817506913914 0.998121011600221 -0.061095067792908
1704749479.222048 1.058810521569188 -3.292737208854077 0.002162029185168 -0.000954129719632 0.011034600640699 0.997776314587768 -0.065724829955961
1704749479.423759 0.962962599452498 -3.295309323822642 0.002191131546813 -0.001180644608314 0.017244980531343 0.998732117044406 -0.047279753686874
1704749479.726325 0.817549846148291 -3.307464586255648 0.008050748812529 -0.001391197716794 0.010629665904165 0.999394375893732 -0.033105229248031
1704749479.928048 0.720829587527740 -3.319798183960082 0.020851097015990 -0.003826231968121 0.003905370721737 0.999419574765733 -0.033624717150356
1704749480.230644 0.576177432556075 -3.310778024600764 0.036924526709660 0.000099632241848 -0.001560537212587 0.999592253376387 -0.028511081825304
1704749480.432338 0.489728456912022 -3.301179660295814 0.038757669973415 0.004637813213015 -0.003658967504538 0.999980060721338 -0.002231771731148
1704749480.734988 0.353508300322784 -3.314040286128500 0.050964136479576 0.000351482316540 0.005923941329502 0.999982004944946 0.000879298298777
1704749480.936631 0.256517640574332 -3.308691334953271 0.044249193201624 -0.002061217474072 0.022987616606599 0.999708800705284 0.007045186837937
1704749481.239209 0.106520546099904 -3.292843144311264 0.023729155327713 -0.002444465655982 0.029635822466936 0.997461906080515 0.064695351707057
1704749481.440928 0.015741143609519 -3.278633450132252 0.019682015948366 -0.007226586345036 0.027522699678957 0.992753242305892 0.116753061386967
1704749481.743502 -0.129662906829544 -3.213576237344389 0.017712722804982 -0.005954637760464 0.016193567776022 0.981888924271531 0.188670217693821
1704749481.945238 -0.215324709489636 -3.159057106865088 0.012561112727595 -0.002089365674257 0.001232517327703 0.971707848365402 0.236173607494804
1704749482.247797 -0.328212732098831 -3.080364130235323 0.014274953813771 -0.001636697766485 0.002188696468466 0.952186476115151 0.305505229957711
1704749482.449534 -0.390324307724141 -3.025586954950238 0.003491805915489 -0.003146053369562 0.012276173326582 0.939923098575087 0.341150944131142
1704749482.752121 -0.450433862578316 -2.946096953444465 -0.000142657168951 -0.005661607068093 0.018482953577906 0.918137422214953 0.395790349251769
1704749482.953827 -0.492733357832081 -2.880638769017848 -0.002668868180104 -0.009012809149556 0.015009762621689 0.899996855731649 0.435544642913138
1704749483.256388 -0.568107994850825 -2.769324560957727 0.007853476026215 -0.006839837143966 0.009907747463440 0.890880621356924 0.454077935665962
1704749483.458112 -0.619888910507891 -2.691112454916629 0.026053747655084 -0.004734844349047 0.001249843120808 0.890214509673823 0.455515253210336
1704749483.760689 -0.705697970769285 -2.585280303710543 0.039259508874156 -0.006005464557351 0.004283537368120 0.892958245990141 0.450079055968166
1704749483.962401 -0.771170449482848 -2.517002074552058 0.039365369730962 -0.005014666343880 0.009052536804390 0.895516334077591 0.444908305270887
1704749484.264975 -0.858616603148093 -2.409798232218865 0.046124011397405 -0.005802200904175 0.013563207498777 0.898830477967154 0.438048108938124
1704749484.466708 -0.917469437289685 -2.334175246925425 0.050893686007481 -0.003115413061035 0.018034223023018 0.897726293826672 0.440173332192626
1704749484.769300 -1.004798529811419 -2.200108686395370 0.044367549253183 0.000801794426300 0.021294343413947 0.881604225533424 0.471508109777334
1704749484.971060 -1.055851309614118 -2.102651181237288 0.039511966746557 -0.001927124322445 0.020438878247208 0.863945656189081 0.503166415413206
1704749485.273564 -1.121339453782275 -1.970506285572908 0.024730400885376 -0.004624195762666 0.017612175703800 0.830872555197393 0.556164746365854
1704749485.475288 -1.145280367477525 -1.886538933117456 0.024156190333811 -0.007418752233822 0.014969817634936 0.808281539748463 0.588559104234260
1704749485.777859 -1.169794412622808 -1.736933590862189 0.038480222943685 -0.005588987435000 0.006214929577445 0.772500387476011 0.634959281544196
1704749485.979512 -1.180729974115915 -1.629030266647739 0.036816624624295 0.000095239668809 0.008069480370209 0.752867566975268 0.658122557744841
1704749486.282153 -1.187957475645100 -1.481943307581275 0.030601561869531 -0.000550239548744 0.011400902734241 0.718357209320162 0.695580790757583
1704749486.483871 -1.185502635525976 -1.381206065401438 0.036099964698633 -0.005257447747734 0.012653632577918 0.690126528761730 0.723558994916767
1704749486.786465 -1.163595087173498 -1.260938236444656 0.039407968102968 -0.007177558623529 0.008201313079964 0.668959026284453 0.743219376946295
1704749486.988188 -1.144077272387970 -1.194723876564936 0.041953169675678 -0.010659192879433 0.004997221443731 0.673039196294561 0.739513116608545
1704749487.290668 -1.112181418093338 -1.081325602792184 0.032982998431787 -0.012870525154390 0.000134807706610 0.684497916260621 0.728901182633085
1704749487.492458 -1.105338775887304 -0.986597209113455 0.028499249168079 -0.008399023991495 0.006523993605706 0.690201891618577 0.723538694687071
1704749487.795045 -1.108430900696918 -0.828806704214829 0.034736111361393 0.002549985618112 0.009488418620771 0.651176503950479 0.758862720251934
1704749487.996753 -1.100889908550286 -0.736007710752982 0.028738226298015 -0.003282898238097 0.014932165038146 0.610959986937326 0.791513832720492
1704749488.299346 -1.063224882230654 -0.619507814271140 0.013677688754364 -0.003030287309385 0.015976200619312 0.556798675725580 0.830488297980618
1704749488.501086 -1.020238446124762 -0.536143592978856 -0.017797095497629 -0.011316513581979 0.011386125522721 0.523959970353736 0.851591593507564
1704749488.803667 -0.945110030376431 -0.456537504503838 -0.044013759344025 -0.014785327341922 -0.000824706408596 0.471026162596281 0.881994936552619
1704749489.005261 -0.892368018612316 -0.396490495229362 -0.059729524859228 -0.010955903777451 -0.002485415527690 0.430487305801475 0.902526714521940
1704749489.307932 -0.801858563298427 -0.316393481505682 -0.061191001768623 -0.004022007332595 -0.001579604732046 0.363916078252667 0.931421717749275
1704749489.509635 -0.738368176489820 -0.285201146243419 -0.048957887628796 -0.009926440309232 -0.001727022834541 0.310879387006582 0.950395964800584
1704749489.812222 -0.638839047366557 -0.243219209603652 -0.040493717906490 -0.009106847467797 -0.002507242731683 0.231117514428886 0.972879989303511
1704749490.013941 -0.571508369968823 -0.227183493400455 -0.036645271428684 -0.009251838749348 -0.008389567988662 0.176332029798635 0.984251509470886
1704749490.316519 -0.460104078693682 -0.202388790777038 -0.026044028855266 -0.007644119290472 -0.005296591810030 0.086908597607500 0.996172881189442
1704749490.518234 -0.383192172494756 -0.192284334948646 -0.031618213776407 0.005635351099435 -0.007059715587372 0.036801212534327 0.999281779074211
1704749490.820830 -0.271264286230901 -0.181369263805886 -0.011319890755650 0.010024882745732 -0.008737524983054 -0.039505704576812 0.999130850634140
1704749491.022536 -0.202549034747910 -0.192985034874638 0.001604839588689 0.002383296164100 -0.004919272446160 -0.080397297529006 0.996747909557845
1704749491.325100 -0.086442331459597 -0.217394577679961 0.003608386458076 -0.009941127758223 -0.001563702086675 -0.077011930146263 0.996979383653309
1704749491.526825 -0.016125309179368 -0.239834503407315 -0.018288922119154 -0.027425256063282 -0.015905520337235 -0.075873806155616 0.996613282719044
1704749491.829494 -0.013221307222562 -0.259070317364666 -0.044605910839394 -0.034316422779106 -0.005551410906268 -0.069393327163793 0.996983515966857
1704749492.031107 -0.029752519923008 -0.241636456488309 -0.063634313219921 -0.021045294332129 -0.004387029527707 -0.042589568792018 0.998861340821844
1704749492.333700 -0.039646327199774 -0.210811476121293 -0.077879549328327 -0.009976568107797 -0.008074988662421 0.004810903203310 0.999906054515706
1704749492.535410 -0.042462989263443 -0.206042171159689 -0.076021445312740 -0.011701464039829 -0.002913898635335 0.008231741929378 0.999893405998250
1704749492.837980 0.001064585097745 -0.229734707709687 -0.082322553190493 -0.025602180791769 -0.007016296389218 0.013953548010621 0.999550198049854
1704749493.039712 0.016436967137685 -0.233537362890767 -0.084868831785389 -0.029521422273588 -0.008115884117674 0.028006665994931 0.999138751481336
1704749493.342270 0.013731327116232 -0.229548448325756 -0.080069699667034 -0.019518490541331 -0.003235097214576 0.034523752128633 0.999208022992143
1704749493.544017 0.006855329721484 -0.204525822986478 -0.074356549798457 -0.017642168904748 -0.002185006015583 0.074789984574868 0.997040840603957
1704749493.846657 0.010880089334036 -0.187343898880494 -0.066549055398664 -0.009995704984751 -0.004442706237285 0.106973932897319 0.994201652545162
1704749494.048311 0.009691333154321 -0.186831699251240 -0.052159505741668 -0.012285649046563 -0.002910699344864 0.110815288831498 0.993760817509889
1704749494.350860 0.021648364579810 -0.214384636687852 -0.042560279679247 -0.014229915155070 -0.004555903106921 0.080952346186024 0.996605975753930
1704749494.552582 0.018910862955638 -0.217880220986746 -0.048906452220476 -0.018117126505462 -0.003223669059925 0.077825741357725 0.996797136666734
1704749494.855154 0.020156587125474 -0.217322445950559 -0.043226954390926 -0.016974685718196 -0.001724860914187 0.085725812215183 0.996172660746894
1704749495.056871 0.021103688653892 -0.208823472540142 -0.045068182514647 -0.018644983929660 -0.000691021037456 0.095115141779795 0.995291413038563
1704749495.359456 0.022172155972148 -0.202027519992610 -0.055386538129104 -0.017814890549410 -0.001189856668812 0.102470565768003 0.994575787492792
1704749495.561184 0.019087049500687 -0.197894103622308 -0.046757074388369 -0.014143560780235 0.000172205914606 0.103152686017441 0.994564956853431
1704749495.863689 0.017664450911387 -0.203397369213583 -0.044741710036548 -0.012915578787756 -0.000160605614597 0.069498366561565 0.997498440638174
1704749496.065466 0.013728761246045 -0.204892751275927 -0.056303579100219 -0.014327028141299 -0.003730597314571 0.062759902190492 0.997918841181614
1704749496.368060 0.018427360786920 -0.199662147648595 -0.060645641121730 -0.013265950794922 -0.004555758205837 0.050574045036002 0.998621813093061
1704749496.569755 0.021042011664250 -0.198253797363920 -0.065204152273701 -0.010266574245316 -0.004418467036324 0.059210571262861 0.998182940573991
1704749496.872345 0.022971620962356 -0.208928866450188 -0.065216849824900 -0.013140311588516 -0.001796800123125 0.037533785362191 0.999207345187653
1704749497.074073 0.023654973577584 -0.199998277460596 -0.062021889759850 -0.015633726010529 -0.001689421066169 0.038944382919930 0.999117644477552
1704749497.376667 0.020073290521047 -0.203966182420336 -0.063913310850955 -0.017359980023750 -0.002417754180766 0.023291147256152 0.999575063723424
1704749497.578352 0.015024014010537 -0.200122793809278 -0.060111452017860 -0.018106745087947 -0.002672374060501 0.020604474803383 0.999620157768528
1704749497.880931 0.011543392720582 -0.194706915156914 -0.053725099096074 -0.014846796060631 -0.003030105140334 0.028835222529699 0.999469319714785
1704749498.082637 0.012522965770588 -0.185826702756880 -0.040477233517058 -0.011047172895211 -0.002499583879979 0.053499907171232 0.998503616410086
1704749498.385214 0.019743435533697 -0.201249291085697 -0.042657161203142 -0.013844694330177 -0.002428018861099 0.056237465346904 0.998318474563387
1704749498.586931 0.014332905909726 -0.201223007235108 -0.047299160292674 -0.015418237015716 -0.002131537686554 0.051965808807471 0.998527560575722
1704749498.889520 0.014301453163661 -0.201015405979933 -0.052523032668128 -0.015025718270055 -0.002143360429904 0.051511739579628 0.998557046183098
1704749499.091227 0.013511522373243 -0.200838806594433 -0.050329918482780 -0.013976786101839 -0.002160463156007 0.052190332200662 0.998537005360291
1704749499.393812 0.014537248255534 -0.199418148002443 -0.053484217914667 -0.015586604691713 -0.002366506709059 0.051462190395064 0.998550499654285
1704749499.595541 0.017895660556415 -0.199554863277096 -0.058535377080746 -0.015709087077765 -0.002562103284480 0.051426289934009 0.998549947130069
1704749499.898133 0.017001720982478 -0.199706458033160 -0.057135247354371 -0.015435254569361 -0.002249631779190 0.051672122887059 0.998542279420096
1704749500.099823 0.018216815220260 -0.200497055263790 -0.059831921479106 -0.015245811256487 -0.003042034044784 0.052140041322078 0.998518766653303
1704749500.402407 0.019483765726596 -0.193576896807220 -0.064159975335458 -0.015468783186406 -0.002742731170997 0.051873593196238 0.998530081921054
1704749500.604116 0.021473264928219 -0.192880276116018 -0.056776476373506 -0.015526722144765 -0.002805233674598 0.051562018040593 0.998545146630312
1704749500.906683 0.023781870167329 -0.194671984872118 -0.044123120303140 -0.014601099368641 -0.002496223067419 0.051152642029870 0.998580985188928
1704749501.108402 0.020297791770962 -0.193533247713016 -0.041730852266951 -0.014490625979515 -0.002535472594050 0.051437322983780 0.998567871975463
1704749501.410956 0.020357597863954 -0.199463790630314 -0.044620555833113 -0.015181067120380 -0.002334178904037 0.051279189207063 0.998566237945233
1704749501.612710 0.019292232790804 -0.203171921701031 -0.047070459230413 -0.014884676213679 -0.001973592030622 0.051868850228842 0.998541022554581
1704749501.915282 0.016636782970331 -0.199848569271036 -0.048027288358807 -0.015065639687239 -0.002040874769585 0.051416945085923 0.998561544968021
