1704749401425612 -1.3000938892364502 -0.4348565638065338 -1.5039122104644775 0.6994304656982422 0.0028586445841938257 -0.714665949344635 -0.006440033670514822
1704749401842447 -1.3000760078430176 -0.43488171696662903 -1.5039170980453491 0.6994484066963196 0.0028042220510542393 -0.714648425579071 -0.0064595225267112255
1704749402258952 -1.3000775575637817 -0.43347445130348206 -1.5061734914779663 0.6967910528182983 0.004671114031225443 -0.7172420620918274 -0.004925170913338661
1704749402675652 -1.3012584447860718 -0.4317030608654022 -1.5064693689346313 0.696141242980957 0.003454366233199835 -0.7178865671157837 -0.0037928717210888863
1704749403092302 -1.301423192024231 -0.4316920340061188 -1.5065889358520508 0.6959055662155151 0.0034675817005336285 -0.7181141972541809 -0.003941509872674942
1704749403509077 -1.3014672994613647 -0.43167030811309814 -1.5066455602645874 0.6957710385322571 0.003532668575644493 -0.7182438969612122 -0.004006852861493826
1704749403925644 -1.3015657663345337 -0.4316583275794983 -1.506657361984253 0.6958323121070862 0.003455358324572444 -0.7181851267814636 -0.003948336001485586
1704749404342453 -1.3016022443771362 -0.4316812753677368 -1.5067617893218994 0.695647656917572 0.0034088960383087397 -0.7183643579483032 -0.003939138259738684
1704749404759021 -1.301683783531189 -0.431662380695343 -1.5068882703781128 0.6954986453056335 0.0034613809548318386 -0.7185081839561462 -0.003954114858061075
1704749405175712 -1.301289439201355 -0.4324968755245209 -1.507114291191101 0.6951801776885986 0.001996503211557865 -0.7188253998756409 -0.003243955783545971
1704749405592400 -1.3015557527542114 -0.4323756992816925 -1.5071717500686646 0.6953309774398804 0.0017637712880969048 -0.7186816930770874 -0.0028894830029457808
1704749406008944 -1.3016254901885986 -0.4323696494102478 -1.5071619749069214 0.6954618692398071 0.001749377348460257 -0.7185549139976501 -0.0029200261924415827
1704749406425396 -1.3027817010879517 -0.4309197664260864 -1.5074660778045654 0.6946638226509094 0.0034125305246561766 -0.7193201184272766 -0.003019799944013357
1704749406842291 -1.3043625354766846 -0.4306018054485321 -1.507516622543335 0.6932539343833923 0.0006811819039285183 -0.7206895351409912 -0.0022584320977330208
1704749407258931 -1.3043041229248047 -0.43058669567108154 -1.5075830221176147 0.6932743787765503 0.0008412625174969435 -0.7206695675849915 -0.002306450391188264
1704749407675712 -1.3043549060821533 -0.4305337369441986 -1.5076137781143188 0.6935745477676392 0.0009238397469744086 -0.7203816771507263 -0.0019323056330904365
1704749408092614 -1.304306983947754 -0.4306498169898987 -1.5074433088302612 0.6942047476768494 0.0022445025388151407 -0.7197701930999756 -0.002399049000814557
1704749408508926 -1.3040612936019897 -0.4311186373233795 -1.5071849822998047 0.6943893432617188 0.0031183194369077682 -0.7195851802825928 -0.0032957824878394604
1704749408925584 -1.3042272329330444 -0.4306834638118744 -1.5075747966766357 0.6937529444694519 0.004051097668707371 -0.7201960682868958 -0.0028460805770009756
1704749409342284 -1.304351806640625 -0.4305800795555115 -1.5076065063476562 0.6938961148262024 0.003996162675321102 -0.7200583219528198 -0.002869458170607686
1704749409759109 -1.3042552471160889 -0.4319200813770294 -1.5070083141326904 0.6944266557693481 -0.0010005166986957192 -0.7195598483085632 -0.002086315071210265
1704749410175815 -1.3043920993804932 -0.4319334626197815 -1.5069626569747925 0.6949717402458191 -0.0006218090420588851 -0.7190337777137756 -0.0020805071108043194
1704749410592322 -1.3045368194580078 -0.4319213628768921 -1.5069810152053833 0.6944093704223633 -0.001100004999898374 -0.719576358795166 -0.002083846367895603
1704749411008928 -1.3048036098480225 -0.43190357089042664 -1.5069526433944702 0.6948172450065613 -0.0012851173523813486 -0.7191832661628723 -0.0017163000302389264
1704749411425693 -1.3048794269561768 -0.4320146441459656 -1.5070891380310059 0.6944702863693237 -0.0006174399168230593 -0.7195184230804443 -0.0019800199661403894
1704749411842330 -1.3044813871383667 -0.4303835332393646 -1.507297396659851 0.6945266127586365 0.00042781856609508395 -0.7194668650627136 0.0003641093790065497
1704749412258860 -1.2796707153320312 -0.40523794293403625 -1.5063552856445312 0.6920828819274902 0.06736115366220474 -0.7167080044746399 0.053041186183691025
1704749412675578 -1.334208369255066 -0.4412197768688202 -1.5040843486785889 0.6932399272918701 -0.05469723045825958 -0.716410756111145 -0.05641176924109459
1704749413092123 -1.2736375331878662 -0.40293005108833313 -1.508029580116272 0.6902191042900085 0.06264948844909668 -0.7191187143325806 0.05040786415338516
1704749413508964 -1.3210481405258179 -0.4286957085132599 -1.5047070980072021 0.6945807933807373 -0.007456800434738398 -0.7192206978797913 -0.014951509423553944
1704749413925723 -1.312044620513916 -0.42957431077957153 -1.507570743560791 0.6970374584197998 -0.020907483994960785 -0.7161649465560913 -0.028452374041080475
1704749414342418 -1.2793338298797607 -0.40377357602119446 -1.505549430847168 0.6911398768424988 0.06666981428861618 -0.7171141505241394 0.06023406609892845
1704749414758969 -1.3363313674926758 -0.44027644395828247 -1.5037404298782349 0.6933910846710205 -0.05068520829081535 -0.7164015173912048 -0.058384817093610764
1704749415175727 -1.275800347328186 -0.4062369465827942 -1.5079233646392822 0.6918893456459045 0.05002598464488983 -0.7186678051948547 0.047991108149290085
1704749415592335 -1.3165903091430664 -0.42606019973754883 -1.5044257640838623 0.6938362717628479 5.4645548516418785e-05 -0.7201296091079712 -0.002172341337427497
1704749416009105 -1.3181251287460327 -0.43390578031539917 -1.506518840789795 0.6962659955024719 -0.034122493118047714 -0.7161056399345398 -0.03524467721581459
1704749416425770 -1.2779114246368408 -0.40194201469421387 -1.5052603483200073 0.6908572316169739 0.06321346014738083 -0.7173607349395752 0.06413979828357697
1704749416842298 -1.3383636474609375 -0.4426281154155731 -1.5014784336090088 0.6949295401573181 -0.05922974273562431 -0.7145850658416748 -0.05415685847401619
1704749417259068 -1.2800456285476685 -0.40900713205337524 -1.5068079233169556 0.6930372714996338 0.042327821254730225 -0.7185631394386292 0.03968372941017151
1704749417675684 -1.3093852996826172 -0.4215736389160156 -1.5031847953796387 0.6947885155677795 0.012793791480362415 -0.7188204526901245 0.020063580945134163
1704749418092403 -1.3021727800369263 -0.4242747128009796 -1.502540946006775 0.6950706243515015 0.012337302789092064 -0.7187320590019226 0.012208628468215466
1704749418509054 -1.3034566640853882 -0.4235507845878601 -1.5023930072784424 0.6943987607955933 0.009563456289470196 -0.7194091081619263 0.01301671378314495
1704749418925744 -1.3035310506820679 -0.42350900173187256 -1.5024000406265259 0.6944516897201538 0.009558193385601044 -0.7193558216094971 0.01314114686101675
1704749419342472 -1.3036069869995117 -0.4235405921936035 -1.5023771524429321 0.6944085359573364 0.009395504370331764 -0.7193995118141174 0.013146731071174145
1704749419758999 -1.3036344051361084 -0.42353472113609314 -1.502342700958252 0.6944372653961182 0.009451132267713547 -0.7193717956542969 0.01310557872056961
1704749420175499 -1.3037506341934204 -0.42353180050849915 -1.5023784637451172 0.6944695711135864 0.009552045725286007 -0.7193400263786316 0.013064528815448284
1704749420592344 -1.303831934928894 -0.42353224754333496 -1.5023698806762695 0.6944847106933594 0.009496742859482765 -0.7193266749382019 0.013036441057920456
1704749421009403 -1.3038610219955444 -0.42354652285575867 -1.502364158630371 0.6944310665130615 0.009502151980996132 -0.7193789482116699 0.013005563989281654
1704749421425786 -1.3039886951446533 -0.42345622181892395 -1.5024253129959106 0.6947716474533081 0.009225433692336082 -0.7190447449684143 0.013488050550222397
1704749421842320 -1.3040095567703247 -0.4234837591648102 -1.5024521350860596 0.6947342157363892 0.009306945838034153 -0.7190812230110168 0.01341850496828556
1704749422258996 -1.3040258884429932 -0.4234807789325714 -1.5024381875991821 0.6947709321975708 0.009229050949215889 -0.719045102596283 0.013506440445780754
1704749422675667 -1.3040903806686401 -0.4234709143638611 -1.5024373531341553 0.6948062777519226 0.009301237761974335 -0.7190123796463013 0.013376438990235329
1704749423092313 -1.3042668104171753 -0.42351090908050537 -1.5024850368499756 0.6946683526039124 0.009200023487210274 -0.7191472053527832 0.013363205827772617
1704749423509139 -1.3042134046554565 -0.4235624372959137 -1.5024299621582031 0.6943473815917969 0.00945341121405363 -0.7194598913192749 0.013031474314630032
1704749423925577 -1.30426025390625 -0.4235558807849884 -1.502428650856018 0.6943044066429138 0.009437435306608677 -0.7195014953613281 0.01304124016314745
1704749424342164 -1.305490255355835 -0.4189469516277313 -1.5006060600280762 0.6976488828659058 0.0046453108079731464 -0.7162971496582031 0.013522419147193432
1704749424759324 -1.3224164247512817 -0.4360559284687042 -1.4962143898010254 0.6849082708358765 -0.007605721242725849 -0.7285885214805603 0.0012893570819869637
1704749425175728 -1.3275402784347534 -0.4365391433238983 -1.4991952180862427 0.6838107705116272 -0.005490925628691912 -0.729629397392273 -0.003698332468047738
1704749425592272 -1.3309118747711182 -0.43393251299858093 -1.5146759748458862 0.6751486659049988 0.008824414573609829 -0.7374698519706726 -0.01531832106411457
1704749426008960 -1.2258007526397705 -0.43526580929756165 -1.5106983184814453 0.6689643859863281 -0.007762289140373468 -0.7432488203048706 0.0027542919851839542
1704749426425560 -1.0834251642227173 -0.4324924051761627 -1.528161883354187 0.6686436533927917 -0.005353783257305622 -0.7435373067855835 0.006267120596021414
1704749426842125 -0.9789013266563416 -0.43238961696624756 -1.5519005060195923 0.6557837724685669 -0.0015744364354759455 -0.7549076676368713 -0.007722610142081976
1704749427259147 -0.8770050406455994 -0.4333154559135437 -1.5678412914276123 0.652284562587738 -0.003525202628225088 -0.7579229474067688 -0.008073980920016766
1704749427675645 -0.7287777066230774 -0.4273207485675812 -1.5999749898910522 0.6448127627372742 0.0013986859703436494 -0.7643254995346069 -0.004590511787682772
1704749428092972 -0.5675867795944214 -0.4265196621417999 -1.6313239336013794 0.6341168284416199 0.00018320602248422801 -0.7732358574867249 0.0015016887336969376
1704749428509021 -0.41691404581069946 -0.4273790419101715 -1.6597548723220825 0.632585346698761 -0.005012077745050192 -0.7744499444961548 0.0061627342365682125
1704749428925584 -0.26343196630477905 -0.42943888902664185 -1.693238377571106 0.6301940679550171 -0.005886868108063936 -0.7764153480529785 -0.0001455862948205322
1704749429342261 -0.11185523122549057 -0.430630624294281 -1.7245163917541504 0.6268160343170166 -0.007713428698480129 -0.7791271805763245 0.0017748535610735416
1704749429759085 0.03753175958991051 -0.4319010376930237 -1.7609350681304932 0.619145929813385 -0.003303227014839649 -0.7852674126625061 0.0016251647612079978
1704749430175810 0.1854892373085022 -0.4333004653453827 -1.8031381368637085 0.6248488426208496 0.0036296972539275885 -0.7807303667068481 -0.003297916380688548
1704749430592271 0.3269352316856384 -0.428398460149765 -1.8390417098999023 0.6341420412063599 0.0012251758016645908 -0.7731692790985107 -0.00846956018358469
1704749431009103 0.4654292166233063 -0.43141528964042664 -1.8585212230682373 0.6624212265014648 -5.0927195843541995e-05 -0.7490994334220886 -0.006941604427993298
1704749431425797 0.6009006500244141 -0.4286400079727173 -1.8715705871582031 0.659439742565155 -0.005141206085681915 -0.7517395615577698 -0.000807961740065366
1704749431842499 0.7384547591209412 -0.4275413155555725 -1.8804033994674683 0.6604383587837219 -0.004919984377920628 -0.750776469707489 0.011476739309728146
1704749432259079 0.882628858089447 -0.4301661252975464 -1.9057084321975708 0.6533179879188538 -0.00335817807354033 -0.7570739388465881 -0.0018316516652703285
1704749432675515 1.0470211505889893 -0.4314729571342468 -1.9251670837402344 0.6834412217140198 0.007623384241014719 -0.7298776507377625 -0.011342854239046574
1704749433092240 1.2255301475524902 -0.4300622045993805 -1.9348080158233643 0.6902366280555725 0.0049037570133805275 -0.7235031723976135 -0.009626957587897778
1704749433508808 1.41602623462677 -0.4336467385292053 -1.9420764446258545 0.6885170340538025 0.004018707666546106 -0.725182056427002 -0.006256297696381807
1704749433925861 1.6031386852264404 -0.4342915415763855 -1.9343774318695068 0.7352116703987122 0.006249901372939348 -0.6777773499488831 -0.006535835098475218
1704749434342323 1.782094955444336 -0.43601125478744507 -1.9142200946807861 0.7818640470504761 0.012514330446720123 -0.6231228113174438 -0.015813712030649185
1704749434759078 1.9521617889404297 -0.435896635055542 -1.8467615842819214 0.83549964427948 0.009188133291900158 -0.5491238832473755 -0.017856478691101074
1704749435175890 2.1093735694885254 -0.43275994062423706 -1.7363909482955933 0.8837448358535767 0.009002838283777237 -0.46785902976989746 -0.0046866475604474545
1704749435592258 2.2553775310516357 -0.4369344711303711 -1.6196837425231934 0.9171426296234131 0.021148324012756348 -0.3979041576385498 -0.008624864742159843
1704749436009008 2.3720479011535645 -0.43465712666511536 -1.4823073148727417 0.9508510231971741 0.0208036657422781 -0.3087632656097412 -0.01071619801223278
1704749436425564 2.4593827724456787 -0.43400946259498596 -1.3259484767913818 0.9715511798858643 0.015500534325838089 -0.23622947931289673 -0.006612416356801987
1704749436842322 2.513211727142334 -0.4328930079936981 -1.1575024127960205 0.9861325621604919 0.009254560805857182 -0.16554901003837585 -0.007101762108504772
1704749437259165 2.5386481285095215 -0.4307727515697479 -0.9738638401031494 0.9971717000007629 0.0049935756251215935 -0.07498325407505035 0.0011693367268890142
1704749437675795 2.5544896125793457 -0.432434618473053 -0.7877717018127441 0.9995328187942505 0.01851290836930275 -0.02431592158973217 0.00044428123510442674
1704749438091813 2.567641019821167 -0.43201613426208496 -0.6069908738136292 0.9990853071212769 0.009221152402460575 -0.041463740170001984 -0.004934108350425959
1704749438509319 2.5972235202789307 -0.43211308121681213 -0.4186687767505646 0.998039722442627 0.011289265938103199 -0.0610981248319149 -0.007516209967434406
1704749438925707 2.630380153656006 -0.4338333010673523 -0.22993430495262146 0.9972225427627563 0.00926645565778017 -0.07366906106472015 -0.005857567768543959
1704749439342401 2.665010452270508 -0.43286389112472534 -0.033614449203014374 0.9968404769897461 0.003950182348489761 -0.0793304368853569 0.0003008369239978492
1704749439758987 2.7051913738250732 -0.4317464828491211 0.16018104553222656 0.9961576461791992 0.01224117074161768 -0.08667214214801788 -0.0028302520513534546
1704749440175903 2.728820323944092 -0.4338095784187317 0.3538050949573517 0.9997329115867615 0.019168464466929436 -0.010942219756543636 -0.006864530500024557
1704749440592540 2.7138311862945557 -0.4371740520000458 0.5392053127288818 0.9935616850852966 0.027614651247859 0.10969723761081696 -0.006267848890274763
1704749441009104 2.636359691619873 -0.44132673740386963 0.7142199873924255 0.97629314661026 0.023078009486198425 0.21521322429180145 -0.0015657969051972032
1704749441425774 2.5148019790649414 -0.4398939311504364 0.8669245839118958 0.9454451203346252 0.010892904363572598 0.3255993723869324 0.00018618706963025033
1704749441842389 2.3834028244018555 -0.43862593173980713 0.9982404112815857 0.9116870760917664 0.019519150257110596 0.4103890657424927 0.005144634749740362
1704749442259075 2.233415365219116 -0.4363979697227478 1.0886410474777222 0.8724443912506104 0.015795158222317696 0.4884571135044098 0.0009240125073119998
1704749442675663 2.076545476913452 -0.4391222894191742 1.158263087272644 0.8227857351303101 0.014074251055717468 0.5681477189064026 0.005826547276228666
1704749443092410 1.9163084030151367 -0.44105926156044006 1.216489553451538 0.7784275412559509 0.021340321749448776 0.6271294951438904 0.017429351806640625
1704749443509167 1.7427878379821777 -0.43860697746276855 1.236560344696045 0.7294001579284668 0.021886561065912247 0.6835527420043945 0.01587577909231186
1704749443925505 1.5815393924713135 -0.43950173258781433 1.2406622171401978 0.763978123664856 0.004508083686232567 0.6451867818832397 -0.007150049787014723
1704749444342306 1.4037351608276367 -0.4372349977493286 1.2701692581176758 0.7731347680091858 -0.001009759260341525 0.6341926455497742 -0.007843107916414738
1704749444759139 1.2248055934906006 -0.43791332840919495 1.3294453620910645 0.7768462300300598 0.011053849011659622 0.6295369863510132 0.008430096320807934
1704749445175652 1.0602542161941528 -0.4385503828525543 1.3896929025650024 0.7911546230316162 0.01939890906214714 0.6112073063850403 0.011120790615677834
1704749445592284 0.8883390426635742 -0.43660229444503784 1.435012698173523 0.791175901889801 0.011990557424724102 0.6114668250083923 0.002318132435902953
1704749446008913 0.7104291319847107 -0.4366793632507324 1.458482027053833 0.7587305307388306 0.009074372239410877 0.6513339281082153 0.003132913028821349
1704749446425256 0.5265927910804749 -0.4401147961616516 1.4697587490081787 0.7254805564880371 0.012392980046570301 0.6881269812583923 0.0023633348755538464
1704749446842398 0.3389964997768402 -0.4391908645629883 1.4686912298202515 0.6947839856147766 0.010003474541008472 0.7191367149353027 0.004200615454465151
1704749447258994 0.1446208953857422 -0.4389702081680298 1.4635401964187622 0.6999728679656982 0.01273242849856615 0.7140548229217529 0.0013009149115532637
1704749447675829 -0.05233670771121979 -0.44104498624801636 1.4562336206436157 0.6996739506721497 0.015967367216944695 0.7142436504364014 -0.007578753866255283
1704749448092466 -0.2577052414417267 -0.4417116940021515 1.4583932161331177 0.678317129611969 0.022044647485017776 0.7344375848770142 -0.0011764459777623415
1704749448509030 -0.46156617999076843 -0.44616878032684326 1.448071837425232 0.6273235082626343 0.034503351897001266 0.7776456475257874 0.02328067272901535
1704749448925769 -0.654045820236206 -0.4417458176612854 1.370266318321228 0.5500862002372742 0.022183114662766457 0.8346695899963379 0.015484337694942951
1704749449342330 -0.8395743370056152 -0.4410299062728882 1.25899338722229 0.533047616481781 0.006706537678837776 0.8459692001342773 -0.012309089303016663
1704749449759047 -1.0230051279067993 -0.4361036717891693 1.1548999547958374 0.48278915882110596 0.006650014780461788 0.8757036328315735 -0.003663671435788274
1704749450175673 -1.204167366027832 -0.43797069787979126 1.053343415260315 0.4288884103298187 0.01702399179339409 0.9031616449356079 0.008000842295587063
1704749450592249 -1.3467646837234497 -0.4433255195617676 0.9006578326225281 0.37220582365989685 0.011543059721589088 0.9280767440795898 0.0017739884788170457
1704749451009161 -1.4563549757003784 -0.4381498694419861 0.7185397744178772 0.30301278829574585 0.0007347973296418786 0.9528347849845886 -0.016992434859275818
1704749451425893 -1.573934555053711 -0.4390351176261902 0.547248363494873 0.2829780578613281 0.008321035653352737 0.9590902924537659 0.00021251880389172584
1704749451842420 -1.6893939971923828 -0.44189774990081787 0.37865209579467773 0.2948475480079651 0.0066445679403841496 0.9555044770240784 -0.005652711261063814
1704749452258948 -1.8076037168502808 -0.44227170944213867 0.206338569521904 0.3008713722229004 0.001101151341572404 0.9536415934562683 -0.006551614962518215
1704749452675601 -1.9359519481658936 -0.44256412982940674 0.04224037379026413 0.29791000485420227 0.005415668245404959 0.9545661807060242 0.004876458086073399
1704749453092269 -2.051327705383301 -0.4412101209163666 -0.13649383187294006 0.2406613677740097 0.008737519383430481 0.9704800844192505 0.01319792214781046
1704749453508831 -2.1319966316223145 -0.4420616626739502 -0.32393184304237366 0.17140990495681763 0.011317973956465721 0.9850967526435852 0.008656788617372513
1704749453925680 -2.1724061965942383 -0.44360023736953735 -0.5228299498558044 0.08806943893432617 0.011040124110877514 0.9959489703178406 0.014412411488592625
1704749454342475 -2.171143054962158 -0.44437935948371887 -0.7295165657997131 -0.013847818598151207 0.00342031242325902 0.9998779296875 0.0063809300772845745
1704749454759067 -2.1480014324188232 -0.4486769139766693 -0.9342769384384155 -0.09377864003181458 0.005434920080006123 0.9954584240913391 0.015444132499396801
1704749455175826 -2.0807576179504395 -0.4455752670764923 -1.1341527700424194 -0.18190205097198486 0.005169045180082321 0.9831997752189636 0.014251533895730972
1704749455592740 -1.9823623895645142 -0.44490471482276917 -1.3154613971710205 -0.2718842029571533 0.002574538579210639 0.962228000164032 0.013775520958006382
1704749456009061 -1.8602925539016724 -0.44443345069885254 -1.4721406698226929 -0.3508687913417816 -0.005476724822074175 0.9362512826919556 0.0171654149889946
1704749456425585 -1.712963342666626 -0.44056370854377747 -1.5973559617996216 -0.4405323565006256 -0.005793790332973003 0.8977149128913879 0.0023852605372667313
1704749456842401 -1.553145170211792 -0.44009310007095337 -1.6856659650802612 -0.520260751247406 -0.0024734882172197104 0.8539980053901672 0.003192369593307376
1704749457258971 -1.3837356567382812 -0.44065916538238525 -1.7404018640518188 -0.5972380638122559 -0.00023076370416674763 0.8019794225692749 0.011643392965197563
1704749457675644 -1.227466344833374 -0.434941828250885 -1.7594935894012451 -0.6740072965621948 -0.0011948432074859738 0.7387126088142395 0.0040551526471972466
1704749458092347 -1.0665135383605957 -0.4333457946777344 -1.7654451131820679 -0.690094530582428 -0.006765832658857107 0.7236405611038208 0.008261024951934814
1704749458509161 -0.8792718648910522 -0.43223637342453003 -1.7621723413467407 -0.7041102051734924 -0.0025479146279394627 0.7100830078125 0.0021548382937908173
1704749458925616 -0.681667685508728 -0.4300137162208557 -1.7866919040679932 -0.6807013154029846 -0.005721171852201223 0.7324628829956055 0.01054446492344141
1704749459342510 -0.48719826340675354 -0.4319501519203186 -1.8067172765731812 -0.6778440475463867 -0.00038993952330201864 0.7352055907249451 0.00024982160539366305
1704749459759014 -0.29280123114585876 -0.4335651397705078 -1.8279656171798706 -0.6713418960571289 0.0008362571243196726 0.7411389946937561 -0.003526416840031743
1704749460175543 -0.09239022433757782 -0.43387094140052795 -1.8596371412277222 -0.6601735353469849 -0.003886159509420395 0.7511010766029358 0.0017122190911322832
1704749460592235 0.11480534076690674 -0.4321540892124176 -1.8914647102355957 -0.6573694348335266 -0.00089880614541471 0.7535646557807922 0.002214796608313918
1704749461009060 0.3176402449607849 -0.43317586183547974 -1.927912950515747 -0.6464224457740784 0.0028109014965593815 0.7629645466804504 0.003922982141375542
1704749461425756 0.5234505534172058 -0.434354692697525 -1.9616307020187378 -0.6375330686569214 0.0032177185639739037 0.7703965902328491 -0.005501862149685621
1704749461842271 0.7173522114753723 -0.4321563243865967 -1.9891892671585083 -0.6654559373855591 0.00418131984770298 0.7464215755462646 -0.002394995652139187
1704749462258981 0.9108748435974121 -0.433879554271698 -2.0022029876708984 -0.7204009890556335 -0.011963210068643093 0.6933372616767883 0.012760086916387081
1704749462675598 1.1052894592285156 -0.4338699281215668 -1.9778649806976318 -0.7509942054748535 -0.0014115250669419765 0.6602070927619934 0.011509010568261147
1704749463092294 1.304171085357666 -0.4330510199069977 -1.9428809881210327 -0.7612217664718628 -0.004058941267430782 0.6484465003013611 0.0064945342019200325
1704749463508969 1.5066176652908325 -0.433472216129303 -1.9229928255081177 -0.729699432849884 0.0002697574091143906 0.6837641596794128 0.002299778163433075
1704749463925416 1.7141621112823486 -0.4338371157646179 -1.9106115102767944 -0.7296244502067566 -0.0004937415942549706 0.6838458180427551 0.0016743614105507731
1704749464342439 1.9197975397109985 -0.43371620774269104 -1.8993420600891113 -0.7604899406433105 -0.011411506682634354 0.6491037011146545 0.01375619601458311
1704749464758984 2.107931137084961 -0.43232306838035583 -1.8508713245391846 -0.811180055141449 -0.013645497150719166 0.5844051241874695 0.016476433724164963
1704749465175624 2.274170160293579 -0.4315062165260315 -1.7639461755752563 -0.8612903356552124 -0.0129083888605237 0.5078619122505188 0.00941361766308546
1704749465592374 2.4264328479766846 -0.4316536784172058 -1.657883882522583 -0.8972816467285156 -0.016034897416830063 0.4411293566226959 0.0057779341004788876
1704749466008969 2.563262462615967 -0.4321672022342682 -1.5327595472335815 -0.8981542587280273 0.003659148933365941 0.4396519660949707 -0.0034219054505228996
1704749466425693 2.705231189727783 -0.43374234437942505 -1.408936858177185 -0.9230812788009644 -0.005731805227696896 0.3845221996307373 0.0055524990893900394
1704749466842464 2.8330111503601074 -0.4329303503036499 -1.2761471271514893 -0.9530221223831177 -0.026930898427963257 0.3014892041683197 0.011304954998195171
1704749467258723 2.9074809551239014 -0.4332945942878723 -1.1174101829528809 -0.9801760315895081 -0.022045770660042763 0.19675368070602417 0.00754517549648881
1704749467675552 2.9453248977661133 -0.436641126871109 -0.9337649345397949 -0.9947327971458435 -0.019227927550673485 0.10064863413572311 0.002616455312818289
1704749468092526 2.961209297180176 -0.4326978325843811 -0.7483667731285095 -0.9989480972290039 -0.013460622169077396 0.04378781467676163 0.0020351307466626167
1704749468509049 2.9636423587799072 -0.4323691427707672 -0.5590571165084839 -0.9998666644096375 -0.015698593109846115 0.0012007164768874645 0.0043354216031730175
1704749468925702 2.9601504802703857 -0.4365706145763397 -0.367838978767395 -0.9999033212661743 -0.010244927369058132 -0.008114767260849476 0.004764494951814413
1704749469342431 2.9537880420684814 -0.43516772985458374 -0.17711888253688812 -0.9986039400100708 -0.016681687906384468 -0.04997874051332474 0.0037628805730491877
1704749469758939 2.942840337753296 -0.4353589415550232 0.012692205607891083 -0.9993277788162231 -0.01432365458458662 -0.03350062668323517 0.004076577257364988
1704749470175537 2.921753168106079 -0.43713676929473877 0.21150676906108856 -0.9994896650314331 -0.0002161735319532454 -0.030734958127141 0.008705195039510727
1704749470592297 2.9190032482147217 -0.4350895583629608 0.4141741991043091 -0.9991738796234131 -0.010981355793774128 -0.03861277177929878 0.0063391816802322865
1704749471008939 2.914175271987915 -0.4355108141899109 0.612041711807251 -0.9969573020935059 -0.02848169580101967 -0.07255635410547256 -0.0008288412354886532
1704749471425931 2.874488353729248 -0.44184672832489014 0.8078092336654663 -0.9950177669525146 -0.01281587965786457 -0.09877686947584152 0.00432733166962862
1704749471842450 2.824535846710205 -0.441394567489624 1.006917953491211 -0.9862698912620544 -0.024213586002588272 -0.16334664821624756 0.0018434760859236121
1704749472259202 2.7419350147247314 -0.4388132691383362 1.192834496498108 -0.9607121348381042 -0.03420596569776535 -0.2754160165786743 -0.0028641154058277607
1704749472675918 2.5995633602142334 -0.4390493333339691 1.3336421251296997 -0.9127807021141052 -0.026653828099370003 -0.4074924886226654 -0.008423864841461182
1704749473092403 2.423326015472412 -0.4427461326122284 1.4283146858215332 -0.8562678098678589 -0.0239565372467041 -0.5158776640892029 -0.010090705007314682
1704749473508907 2.2333645820617676 -0.43944862484931946 1.4867464303970337 -0.8109875321388245 -0.009207411669194698 -0.584913969039917 -0.009492279030382633
1704749473925766 2.0561583042144775 -0.43990767002105713 1.5602437257766724 -0.8212382793426514 -0.015805797651410103 -0.5703256130218506 -0.006831175182014704
1704749474342232 1.8688369989395142 -0.44022589921951294 1.613662838935852 -0.7832222580909729 -0.014493937604129314 -0.6215441823005676 -0.005973632447421551
1704749474758958 1.6760306358337402 -0.4395323395729065 1.6374199390411377 -0.7227052450180054 -0.014619479887187481 -0.6909489631652832 -0.008549072779715061
1704749475175700 1.476056456565857 -0.4469459652900696 1.6353169679641724 -0.6762802004814148 -0.020956402644515038 -0.7361840605735779 -0.015461800619959831
1704749475592143 1.2788050174713135 -0.44130757451057434 1.6003289222717285 -0.6706756949424744 -0.002809770405292511 -0.7417441606521606 -0.0013966013211756945
1704749476009030 1.080979824066162 -0.43845412135124207 1.5764504671096802 -0.6765448451042175 -0.0031508791726082563 -0.7363927364349365 0.0017564703011885285
1704749476425589 0.8920837640762329 -0.43748682737350464 1.5829086303710938 -0.7024115920066833 -0.01001570001244545 -0.711700439453125 -0.00035023700911551714
1704749476842469 0.6994792819023132 -0.4373716711997986 1.599678874015808 -0.7045487761497498 -0.016387270763516426 -0.7093849182128906 -0.010752849280834198
1704749477258940 0.49874627590179443 -0.43827828764915466 1.6095370054244995 -0.7087545990943909 -0.025394639000296593 -0.7048630118370056 -0.01379207894206047
1704749477675881 0.3110782504081726 -0.4399012327194214 1.6048468351364136 -0.7120946049690247 -0.018084952607750893 -0.7018048167228699 0.008019053377211094
1704749478092259 0.11114940792322159 -0.4418579339981079 1.5991795063018799 -0.7150710225105286 -0.02067202888429165 -0.6986451745033264 0.011875792406499386
1704749478509032 -0.08380548655986786 -0.44428572058677673 1.6141960620880127 -0.7320514917373657 -0.009770900011062622 -0.6811671853065491 0.004066881723701954
1704749478925615 -0.27996721863746643 -0.4443719685077667 1.6378284692764282 -0.7274877429008484 -0.024063004180788994 -0.6856669187545776 -0.006596798542886972
1704749479342173 -0.47517910599708557 -0.44458723068237305 1.6599360704421997 -0.7200829982757568 -0.028664767742156982 -0.6931958198547363 -0.011770188808441162
1704749479759145 -0.6727483868598938 -0.44515082240104675 1.6577807664871216 -0.704018235206604 -0.021141240373253822 -0.7098638415336609 -0.0022102580405771732
1704749480175896 -0.8665503263473511 -0.4452732801437378 1.646541953086853 -0.7045227885246277 -0.006183345802128315 -0.7096499800682068 0.002512709004804492
1704749480592431 -1.0612361431121826 -0.4455874264240265 1.6416984796524048 -0.6863187551498413 -0.015139001421630383 -0.7271217703819275 -0.005598039366304874
1704749481009124 -1.255988597869873 -0.44477805495262146 1.641372799873352 -0.6583807468414307 -0.02881329134106636 -0.7520142793655396 -0.013386749662458897
1704749481425575 -1.446980357170105 -0.4455636739730835 1.604029655456543 -0.5902339816093445 -0.030496932566165924 -0.8064810633659363 -0.016801748424768448
1704749481841994 -1.6195331811904907 -0.4486316740512848 1.4992176294326782 -0.5137150287628174 -0.016767188906669617 -0.857795000076294 0.0018790883477777243
1704749482259011 -1.7733039855957031 -0.44536805152893066 1.3770487308502197 -0.4228859543800354 -0.006296313367784023 -0.9061254262924194 0.008043105714023113
1704749482675747 -1.9015096426010132 -0.44746819138526917 1.252608060836792 -0.34813782572746277 -0.013924500904977322 -0.9373189210891724 -0.006288573611527681
1704749483092472 -1.997648000717163 -0.44834160804748535 1.0945638418197632 -0.275790810585022 -0.010703272186219692 -0.961150050163269 0.003946836572140455
1704749483509086 -2.091773748397827 -0.44807544350624084 0.9400250315666199 -0.28267255425453186 -0.010317426174879074 -0.9591366648674011 0.006831146311014891
1704749483925598 -2.197648763656616 -0.44705069065093994 0.7895845770835876 -0.2954457402229309 -0.0088508827611804 -0.9552879929542542 0.007637607399374247
1704749484342303 -2.316051959991455 -0.45108354091644287 0.636359691619873 -0.2977810204029083 -0.010896909050643444 -0.9545720219612122 0.00014448788715526462
1704749484758915 -2.433703899383545 -0.451785147190094 0.4786677360534668 -0.2614830434322357 -0.011978737078607082 -0.9650417566299438 -0.013322887010872364
1704749485175645 -2.513169765472412 -0.448749303817749 0.2938425540924072 -0.18099218606948853 -0.012645483948290348 -0.9833626747131348 -0.008934897370636463
1704749485592284 -2.545764923095703 -0.45016318559646606 0.09726672619581223 -0.09224162995815277 -0.006066746544092894 -0.9957108497619629 -0.0038288356736302376
1704749486008972 -2.5710413455963135 -0.45312631130218506 -0.10039516538381577 -0.03281852975487709 -0.004333105403929949 -0.9992573261260986 -0.019725166261196136
1704749486425683 -2.559772491455078 -0.45187973976135254 -0.2947655916213989 0.04887314885854721 -0.005134774837642908 -0.9987308382987976 -0.011041270568966866
1704749486842446 -2.5270755290985107 -0.4518604576587677 -0.487599641084671 0.07473490387201309 -0.007272695191204548 -0.9971502423286438 -0.007307232823222876
1704749487259081 -2.492145299911499 -0.44941404461860657 -0.6828510761260986 0.062298793345689774 -0.007674306631088257 -0.9980104565620422 0.005937974900007248
1704749487675702 -2.471843719482422 -0.4500846266746521 -0.8780437707901001 0.09509801119565964 -0.007884025573730469 -0.995428204536438 -0.0041239894926548
1704749488092367 -2.438659429550171 -0.45182836055755615 -1.0504533052444458 0.17491032183170319 -0.0003968504024669528 -0.9842064380645752 -0.02727367728948593
1704749488509137 -2.348327875137329 -0.4486925005912781 -1.1966990232467651 0.2673529088497162 -0.0036795479245483875 -0.9635241031646729 -0.011409197933971882
1704749488925745 -2.2299933433532715 -0.4472856819629669 -1.3222386837005615 0.3542805314064026 0.0006069299415685236 -0.9351279735565186 -0.004544078838080168
1704749489342313 -2.1075239181518555 -0.4485152065753937 -1.4302994012832642 0.44153520464897156 0.0006947666988708079 -0.8972012400627136 -0.00873423833400011
1704749489759087 -1.9618842601776123 -0.44431641697883606 -1.4982906579971313 0.5414583086967468 0.0035271942615509033 -0.8407172560691833 -0.0022194702178239822
1704749490175791 -1.8117088079452515 -0.4427345097064972 -1.533682942390442 0.6334252953529358 0.012018517591059208 -0.7736768126487732 -0.007219506893306971
1704749490592398 -1.6624298095703125 -0.43636128306388855 -1.5397367477416992 0.7227898240089417 0.02272743545472622 -0.6905361413955688 -0.014773241244256496
1704749491008900 -1.515586018562317 -0.4365198016166687 -1.513504981994629 0.7810608744621277 0.020892223343253136 -0.6240163445472717 -0.010538632050156593
1704749491425323 -1.3773549795150757 -0.43477946519851685 -1.4663347005844116 0.7748960256576538 -0.0020696688443422318 -0.6320841312408447 -0.001229566871188581
1704749491842418 -1.3538501262664795 -0.4317811131477356 -1.4400604963302612 0.7703906297683716 -0.007922565564513206 -0.6374262571334839 0.011104831472039223
1704749492259078 -1.363972783088684 -0.4344656467437744 -1.4819262027740479 0.7205494046211243 0.011341750621795654 -0.6932493448257446 -0.009232074953615665
1704749492675822 -1.3401089906692505 -0.43365198373794556 -1.483183741569519 0.721891462802887 -0.0049909972585737705 -0.6919811964035034 -0.0031344289891421795
1704749493092459 -1.3112788200378418 -0.435962438583374 -1.4749796390533447 0.7072494029998779 -0.005008589010685682 -0.7069427967071533 0.002294967882335186
1704749493509059 -1.3233877420425415 -0.43642064929008484 -1.493188738822937 0.6737236380577087 -0.0017650674562901258 -0.7389752268791199 -0.003009734209626913
1704749493925548 -1.3237802982330322 -0.43383079767227173 -1.515015721321106 0.6512424349784851 0.012285339646041393 -0.7586748600006104 -0.012033702805638313
1704749494342427 -1.314843773841858 -0.4343089163303375 -1.5048264265060425 0.6703256368637085 0.00024041546566877514 -0.7420616745948792 0.002819932997226715
1704749494759027 -1.313656210899353 -0.4353956878185272 -1.502339482307434 0.6662291884422302 -0.0019448284292593598 -0.745744526386261 0.00018747671856544912
1704749495175614 -1.3124574422836304 -0.43807452917099 -1.5026031732559204 0.659056544303894 0.0014525874285027385 -0.7520902752876282 -0.0016071060672402382
1704749495592116 -1.3144465684890747 -0.4350056052207947 -1.5065284967422485 0.6499622464179993 0.00039383998955599964 -0.7599573135375977 -0.0037227196153253317
1704749496008924 -1.310771107673645 -0.43567612767219543 -1.5033577680587769 0.6825471520423889 0.0011150477221235633 -0.730824887752533 -0.004815804306417704
1704749496425482 -1.3031342029571533 -0.4358968734741211 -1.510515570640564 0.6862298250198364 0.005219386890530586 -0.7273409962654114 -0.006044646725058556
1704749496842304 -1.3043478727340698 -0.4373627007007599 -1.5096359252929688 0.7028995752334595 0.0014873050386086106 -0.7112622261047363 -0.006003284826874733
1704749497259033 -1.306700348854065 -0.4359142482280731 -1.5023921728134155 0.7102295160293579 -0.0016293415101245046 -0.703968346118927 0.0003337023372296244
1704749497675490 -1.3092806339263916 -0.4371354579925537 -1.505069613456726 0.7029160261154175 2.7854619020217797e-06 -0.7112694978713989 -0.002187104430049658
1704749498092183 -1.3142826557159424 -0.4279537498950958 -1.5239920616149902 0.6814279556274414 0.005659885238856077 -0.7318111062049866 -0.008743160404264927
1704749498509040 -1.3128817081451416 -0.4321463108062744 -1.510910987854004 0.6894782185554504 0.0004518269852269441 -0.7242934703826904 -0.0043052854016423225
1704749498925722 -1.3105140924453735 -0.43416643142700195 -1.5100220441818237 0.6917708516120911 0.0013935030438005924 -0.7221019268035889 -0.004469352774322033
1704749499342602 -1.3098053932189941 -0.4339944124221802 -1.510152816772461 0.6915144920349121 0.0014231951208785176 -0.7223516702651978 -0.0037124771624803543
1704749499758938 -1.3101487159729004 -0.4339553117752075 -1.5100828409194946 0.6919063329696655 0.0010768480133265257 -0.7219758033752441 -0.003924685064703226
1704749500175515 -1.3101961612701416 -0.43396690487861633 -1.5101042985916138 0.6920057535171509 0.0009343249839730561 -0.721881628036499 -0.003772198222577572
1704749500592209 -1.3102076053619385 -0.43398138880729675 -1.5100555419921875 0.6920084953308105 0.0009293673792853951 -0.7218791246414185 -0.0037361725699156523
1704749501008922 -1.3102171421051025 -0.4339965879917145 -1.51007080078125 0.6920607686042786 0.0009640735224820673 -0.721828043460846 -0.003906548488885164
1704749501425456 -1.3102295398712158 -0.43395721912384033 -1.5100973844528198 0.6920345425605774 0.0009717383072711527 -0.7218539714813232 -0.0037643469404429197
1704749501842022 -1.3102344274520874 -0.43394482135772705 -1.5100667476654053 0.6920346617698669 0.0008944834116846323 -0.7218538522720337 -0.003773508593440056
1704749502258969 -1.310226321220398 -0.4339635670185089 -1.5100725889205933 0.6920703649520874 0.00098306720610708 -0.7218195796012878 -0.003763690125197172
1704749502675735 -1.3102322816848755 -0.4339500665664673 -1.510094165802002 0.6920097470283508 0.001027067075483501 -0.7218774557113647 -0.0038012159056961536
