1704749412.16752005 0.127732244 0.0452752412 0.104997119 0.0592036858 0.68825275 0.0717371268 -0.719483745
1704749413.36231709 0.128904357 0.0459775951 0.122245146 0.0474286581 0.697862169 0.0590021283 -0.712220236
1704749414.55895996 0.0819835594 0.0185679103 0.10405413 -0.00243521919 0.703385195 -0.000172253006 -0.71080469
1704749415.75457191 0.12819194 -0.00721966725 0.167683878 -0.0320719349 0.712261422 -0.0345873539 -0.700327618
1704749416.94950795 0.0897232268 -0.0358490077 0.118332384 -0.0549108224 0.693686537 -0.0577446144 -0.715855677
1704749418.14449501 0.12630786 0.00861649255 0.128653018 0.0122101513 0.695091247 0.0112842003 -0.718729252
1704749419.34198403 0.159502483 0.0113033541 0.1626171 0.0131386894 0.694268499 0.00946071312 -0.719533961
1704749420.53694701 0.118454492 0.0105885098 0.12174263 0.0130560357 0.694320531 0.00947645799 -0.719485049
1704749421.73191905 0.122299297 0.010742746 0.125872612 0.0134687775 0.694647894 0.00928228305 -0.719163914
1704749422.92691207 0.0829763384 0.00997135544 0.086729213 0.0134819922 0.694588158 0.00914041008 -0.719223178
1704749424.12187791 0.0864122058 0.00997898224 0.0902609782 0.0130371093 0.694241983 0.00951806386 -0.719560636
1704749425.31935596 0.110046672 -0.0066300862 0.12638834 -0.00148219851 0.683551518 -0.00356080651 -0.729892078
1704749426.51434302 0.353517964 -0.00433240077 0.0678134708 0.000573318391 0.668106257 -0.00664760933 -0.74403596
1704749427.70934105 0.69067995 0.00333675423 -0.00908999467 -0.000382411844 0.646909073 -0.00183274704 -0.762564847
1704749428.90433002 1.11753114 0.000687564336 -0.114535061 0.00227968245 0.632005826 -0.00570781729 -0.774939262
1704749430.09930396 1.55462496 0.000142902376 -0.214482223 -0.00665335077 0.620111026 0.00186911027 -0.784483623
1704749431.29429603 1.94401773 0.00221944035 -0.289870862 -0.00488967378 0.662420408 -0.000455828811 -0.749116204
1704749432.48927593 2.36679072 2.73471745e-05 -0.329040807 -0.0104942038 0.67052364 0.00304261399 -0.741807699
1704749433.68675995 2.92154164 -0.00235993921 -0.320820075 -0.0142251808 0.70527544 0.00641355826 -0.708761642
1704749434.88173795 3.38333845 0.000988253994 -0.211466666 -0.0166534029 0.849330431 0.0152056082 -0.527379629
1704749436.07673311 3.77893509 0.00426814985 0.22449002 -0.0158601699 0.952121967 0.0313739488 -0.303690452
1704749437.27171206 3.88670608 0.00204548032 0.703157208 -0.00139364672 0.996905773 0.0130084875 -0.0775094622
1704749438.46670103 3.9328972 -0.00423781872 1.24001556 -0.00716085096 0.998359191 0.0062102858 -0.0564719477
1704749439.66417098 4.05414213 -0.00127370434 1.87533692 -0.00351585282 0.996672305 0.00204583511 -0.0814111179
1704749440.85916495 3.99626796 0.00424805318 2.39759039 0.00125359554 0.986041679 0.0397543082 0.161678168
1704749442.05415106 3.57463384 -0.000114259717 2.79459038 0.0126056325 0.896401662 0.0283471313 0.442155628
1704749443.24913597 3.08751369 0.000429554989 2.94498916 0.0249224467 0.763027666 0.0350473126 0.644933592
1704749444.44409299 2.5899722 -0.0140828822 3.00344079 -0.00622876751 0.771961937 -0.00135693591 0.63563679
1704749445.63908601 2.11566496 -0.00109115885 3.12780445 0.00714578322 0.79032391 0.0152214159 0.612458459
1704749446.83406901 1.58506874 -0.00473209441 3.14084533 0.0113211141 0.695152462 0.0161571803 0.718591562
1704749448.02905297 1.02294471 -0.0107069718 3.10118645 0.00231446989 0.694424052 0.0221522684 0.719221215
1704749449.22404099 0.468668847 -0.0107117315 2.91653147 -0.00312079286 0.534417967 0.0111020359 0.84514167
1704749450.41902995 -0.0364427396 0.00433780947 2.5852431 0.0191483228 0.404961573 0.0192041463 0.913931435
1704749451.614007 -0.348841747 -0.00984148624 2.06069609 -0.00441722436 0.285400785 0.00500040761 0.958385035
1704749452.80899692 -0.698516285 -0.0069839225 1.57656356 0.0114660147 0.287194702 0.0090609226 0.957760739
1704749454.00399995 -0.881032521 -0.00625703292 1.03220993 0.0280417957 0.0843198853 0.010291409 0.995990914
1704749455.19898701 -0.746496164 -0.00818059179 0.45548793 0.0317965127 -0.170703656 -0.00101803463 0.984808716
1704749456.39398694 -0.374867392 -0.00383908722 0.0161154858 0.0213914704 -0.415143193 -0.00983759253 0.909451349
1704749457.588974 0.0928442778 0.000103172008 -0.157081278 0.0144932442 -0.649468536 -0.0126313891 0.760145391
1704749458.78395391 0.598080075 0.000620261314 -0.175528442 0.00452017705 -0.696161934 -0.00537427867 0.717850435
1704749459.98143697 1.17253637 0.000345941024 -0.21756886 -0.00321641966 -0.667585818 0.0015682439 0.744524258
1704749461.17642403 1.75117907 -0.00333710444 -0.332230343 -0.000620929965 -0.645783883 0.00343324477 0.763512281
1704749462.37142611 2.31436402 0.00229896545 -0.393679933 0.0187921305 -0.730875018 -0.0151743919 0.682083793
1704749463.5663991 2.88368418 -0.00101304738 -0.314499665 -0.000432352851 -0.73407383 0.00206780818 0.67906638
1704749464.76387191 3.48375924 0.00983127983 -0.201444577 0.0209316748 -0.805711063 -0.0304757982 0.591153765
1704749465.95884991 3.92562478 0.00314199151 0.146966074 -0.00331837796 -0.899807327 -0.00920828336 0.436177682
1704749467.15384197 4.24432499 0.00982947616 0.473841898 0.0116421184 -0.971424981 -0.0407597626 0.233530748
1704749468.3513341 4.31175325 0.00219355946 1.065089 -0.000617391644 -0.999591123 -0.0268651079 0.00977090782
1704749469.54630995 4.29244276 0.0049550757 1.63370057 -0.0026870821 -0.99846217 -0.0210138295 -0.0512298132
1704749470.7412951 4.25277632 -0.00283028806 2.17106566 0.00156987937 -0.998257671 -0.026243304 -0.0528246781
1704749471.93628907 4.13932881 -0.00453002456 2.73796513 -0.00515349074 -0.983682756 -0.0392863303 -0.175494336
1704749473.13128901 3.71049462 -0.000492317769 3.1029073 -0.0183605507 -0.852061453 -0.0277157647 -0.522384923
1704749474.3262651 3.17826596 -0.00788929985 3.22270837 -0.00846395479 -0.785843575 -0.0156695367 -0.618168831
1704749475.5212419 2.60669945 -0.0100091301 3.22724241 -0.00982834454 -0.668479039 -0.00838059841 -0.743618816
1704749476.7162571 2.05723976 -0.00588015231 3.23115354 -0.0113428474 -0.703795703 -0.0156951803 -0.710138444
1704749477.91125202 1.49765154 -0.0133554268 3.2101647 0.00335623397 -0.710053839 -0.0165944476 -0.703943823
1704749479.10622191 0.934712285 -0.0126628047 3.24995425 -0.0109134096 -0.734055477 -0.0266880577 -0.67847712
1704749480.30120111 0.372397042 -0.0179631352 3.24121013 0.00201973764 -0.698848603 -0.0120887464 -0.715164606
1704749481.49618602 -0.179470207 -0.00892719778 3.19226969 -0.022710199 -0.583340535 -0.0327380496 -0.81124983
1704749482.69368291 -0.59773009 -0.0110897858 2.88185947 -0.00450433344 -0.350821547 -0.0197605493 -0.936222983
1704749483.88866496 -0.874510615 -0.0186349654 2.41741671 0.0108903493 -0.292352271 -0.00956506725 -0.956200847
1704749485.08364391 -1.19183035 -0.0137873672 1.92473824 -0.0177793292 -0.207042004 -0.010650069 -0.978112509
1704749486.27863193 -1.24938874 -0.0183764549 1.3617677 -0.01911996 0.012998018 -0.00853113906 -0.999696303
1704749487.47361708 -1.15727083 -0.0257681794 0.81822571 0.0025939568 0.0576934029 -0.0109952546 -0.998270428
1704749488.66858411 -0.979929151 -0.016297482 0.348938522 -0.0113530287 0.288724469 -0.00181638446 -0.957343194
1704749489.86607289 -0.568761794 -0.00865573949 0.171683566 -0.0157998945 0.55074307 0.00489088788 -0.834510943
1704749491.06105208 -0.160220359 0.00134904964 0.165227988 -0.00852975129 0.78113776 0.0156859921 -0.624103351
1704749492.25604892 -0.0376945371 -0.00777801556 0.163355864 0.000272716466 0.731380437 -0.00776161804 -0.681925465
1704749493.45102596 0.0060906241 -0.0116054934 0.142474466 0.00714164335 0.694607202 -0.0157253807 -0.719181858
1704749494.64600396 0.0138381679 -0.00863922286 0.113863923 0.00664215728 0.669345323 -0.00527850987 -0.742902993
1704749495.8409791 0.0111529 -0.00457825034 0.0988774778 -0.00297657963 0.680873009 -0.00104797911 -0.732394694
1704749497.03596497 0.0168363619 -0.0053420746 0.0778401024 -0.000826202245 0.699832621 -0.000988918626 -0.714305707
1704749498.23095489 0.00965069645 0.0104063223 0.0577567357 -0.00594377827 0.686008717 0.00675670016 -0.727537668
1704749499.4284451 0.0206069488 -0.00315571051 0.122813175 -0.00104063841 0.694840409 -0.00152525845 -0.719161593
1704749500.62342095 0.0175279957 -0.00285835633 0.1088223 -0.000981492782 0.6948631 -0.00152676383 -0.719139749
1704749501.81841111 0.01791099 -0.00285182114 0.110781005 -0.000817078072 0.694947238 -0.00163303271 -0.719058413
