1704749411.20777798 0.144792468 -0.000762021835 0.139527616 -0.00196833923 0.694590222 -0.000856979999 -0.719402401
1704749411.4526999 0.192239141 -0.001339238 0.185477798 -0.00172896491 0.694516488 -0.00149161046 -0.719473164
1704749411.69763303 0.259223081 -0.00278139178 0.248945848 -0.00305893185 0.693882021 -0.000499729795 -0.720082033
1704749411.94007707 0.141918989 0.00814823169 0.135144262 0.0106728503 0.6788684 0.0160774651 -0.734006336
1704749412.18501711 0.247652405 0.0593599795 0.231543775 0.0578910362 0.686295859 0.0658581718 -0.722017537
1704749412.42997909 0.328693515 0.073696451 0.355504464 0.036837881 0.738734648 0.0560158172 -0.670653651
1704749412.67243695 0.0952625414 -0.0183355805 0.128447867 -0.0545391415 0.69714042 -0.0474609796 -0.71327987
1704749412.91738796 0.159923999 -0.0287199354 0.14863162 -0.0385768896 0.668192401 -0.0281894461 -0.742452755
1704749413.16234493 0.297529434 0.0390632896 0.25657667 0.0411010266 0.669062673 0.0488478361 -0.740459137
1704749413.40481591 0.124837897 0.0382818733 0.124207534 0.0315392539 0.699342541 0.0440523343 -0.712730439
1704749413.6497829 0.11193932 -0.00335464944 0.149682965 -0.0398099526 0.706998959 -0.0400873195 -0.704954358
1704749413.89474106 0.163203058 -0.0427500748 0.166563756 -0.0560741766 0.675548279 -0.0496337989 -0.73350303
1704749414.1397121 0.309521273 0.00183971395 0.263752546 0.00885764768 0.647893125 0.0126044431 -0.761575452
1704749414.38219309 0.203133261 0.0556704875 0.191571864 0.0589633318 0.698418318 0.0662972722 -0.710168889
1704749414.62716007 0.202907538 0.0235865901 0.240556003 -0.00113076182 0.727698206 0.000469802821 -0.685896363
1704749414.86963892 0.0594797704 -0.0214756944 0.0830655991 -0.0525213186 0.69351896 -0.0536901919 -0.716512614
1704749415.11462092 0.156846147 -0.00358019118 0.129255837 0.00281319314 0.668530062 0.00579532386 -0.743657217
1704749415.35959291 0.283720457 0.0582165984 0.259240215 0.0582561556 0.686985484 0.0645399572 -0.721451148
1704749415.6020751 0.110571253 0.0257168096 0.130460273 0.00589038605 0.706314694 0.00998435274 -0.707803059
1704749415.84706903 0.119403261 -0.0230098824 0.15258267 -0.0523222885 0.69828921 -0.0522616991 -0.711985444
1704749416.09204888 0.197577601 -0.0402534284 0.185556155 -0.0418809758 0.65802867 -0.0378432716 -0.75087425
1704749416.33453989 0.145315245 0.0352222179 0.111050901 0.0589199736 0.684765327 0.0625715128 -0.72367789
1704749416.57953501 0.19980467 0.0527440492 0.206992941 0.044881459 0.71305655 0.0517553251 -0.697751674
1704749416.8245101 0.197702814 -0.00588376124 0.241463546 -0.0263367452 0.72086768 -0.0311966556 -0.691869159
1704749417.06699991 0.0718902174 -0.0231182878 0.0827378568 -0.0415922581 0.686496477 -0.0445222057 -0.724576045
1704749417.31200004 0.188327804 0.0198627968 0.15242665 0.0350654833 0.671379551 0.035380415 -0.739437717
1704749417.55699301 0.291210397 0.0695248512 0.289072226 0.0601549996 0.703708957 0.0676410435 -0.704698354
1704749417.79949307 0.10690649 0.0200417805 0.127239154 0.0135688821 0.695944585 0.0143935948 -0.717822989
1704749418.0444901 0.158742426 0.00966739793 0.165611232 0.0122452101 0.695091688 0.0129002986 -0.718701038
1704749418.28949308 0.237607413 0.0113496205 0.239532351 0.0130147107 0.694370012 0.0100434173 -0.719430353
1704749418.53198791 0.116548882 0.0107502962 0.119037705 0.0130990879 0.694219084 0.00962121526 -0.719580232
1704749418.77698803 0.162943012 0.0116220869 0.165525468 0.0130725869 0.694205422 0.00954749049 -0.719594875
1704749419.02199101 0.231873798 0.0127383153 0.234458394 0.013101086 0.694210296 0.00948566815 -0.719590473
1704749419.26698494 0.295623162 0.0138859214 0.298038384 0.0130459708 0.694221129 0.00965880766 -0.71957872
1704749419.50948 0.132496043 0.0109503063 0.135403894 0.0131113038 0.694159741 0.00952303307 -0.719638561
1704749419.75447893 0.195838894 0.0121232833 0.198463932 0.0130575026 0.694143256 0.00945735568 -0.719656307
1704749419.99945903 0.253602264 0.0130652649 0.256108462 0.0130749824 0.694235714 0.00950234228 -0.719566206
1704749420.24195504 0.118128348 0.0106068277 0.12116799 0.0130708457 0.694161798 0.00944748394 -0.719638309
1704749420.48694801 0.192620518 0.0119853275 0.195470858 0.0130608098 0.694235794 0.0095191448 -0.719566164
1704749420.73193192 0.249377747 0.0130366547 0.252142123 0.01311842 0.694154367 0.00948299516 -0.719644145
1704749420.97443509 0.139737311 0.0110430119 0.14281754 0.013030567 0.694227349 0.00952458668 -0.719574787
1704749421.21943212 0.220817314 0.0126166977 0.223609101 0.0130565922 0.694221804 0.00953570235 -0.719579518
1704749421.46191907 0.0948956172 0.0103462186 0.0982406793 0.0133756158 0.694459345 0.00931604821 -0.719347289
1704749421.70691705 0.137370495 0.0111215946 0.140667472 0.0134427114 0.69450498 0.00928405739 -0.719302393
1704749421.95191908 0.200925818 0.0122676498 0.204145958 0.0133910881 0.694540341 0.00926919314 -0.719269404
1704749422.1969099 0.27778186 0.0137558431 0.280760354 0.0134942183 0.694581194 0.00925834562 -0.719228166
1704749422.43942094 0.135674821 0.011134015 0.139023221 0.0134660934 0.694584023 0.00933554136 -0.719224963
1704749422.68441796 0.198629715 0.0122431707 0.20193248 0.0134606968 0.694519322 0.00929338916 -0.719288088
1704749422.92691207 0.0929829827 0.0102755946 0.0965580282 0.013470553 0.694451514 0.00915197727 -0.719355184
1704749423.17190909 0.146218469 0.0112349801 0.149727656 0.0134674571 0.694412586 0.00916806264 -0.719392615
1704749423.41690397 0.210926867 0.0124090387 0.214458628 0.0133779601 0.694432215 0.00924511845 -0.719374351
1704749423.65939903 0.089320362 0.0101188242 0.092960666 0.012969861 0.694204659 0.00957618825 -0.71959709
1704749423.90438604 0.155296088 0.0113123421 0.158696604 0.0129484167 0.694140936 0.00949847056 -0.719659975
1704749424.14937901 0.206913129 0.0123422475 0.210178895 0.013058606 0.694113745 0.0094686228 -0.719684602
1704749424.39188004 0.111905496 0.0110492341 0.115658351 0.00950731299 0.698046209 0.00232834394 -0.71598581
1704749424.6368711 0.150122605 -0.00285679429 0.170817688 0.00451151069 0.693437322 -0.00687004634 -0.720470075
1704749424.88186407 0.207403212 -0.0139232249 0.232965403 -0.00113801574 0.687244175 -0.00341860023 -0.726417554
1704749425.124367 0.0716261224 -0.0092128587 0.098483641 -0.00110816405 0.682711925 -0.0100984734 -0.730617013
1704749425.36935806 0.112037341 -0.00690988332 0.125723149 -0.00473831249 0.675755232 -0.00517547459 -0.737092687
1704749425.61435294 0.156868624 -0.00260100129 0.157431745 -0.00663653575 0.680608137 0.00397269975 -0.73260681
1704749425.85917091 0.100828662 -0.00153194911 0.0662789014 -9.3553476e-05 0.673675208 -0.00726266706 -0.738991854
1704749426.10184789 0.224401476 -0.00662248123 0.097469054 0.00486749904 0.671105655 -0.0107733142 -0.741267457
1704749426.34684992 0.358554357 -0.00781430037 0.129004193 0.00130607545 0.66685569 -0.00209901622 -0.745182781
1704749426.59184599 0.490494863 -0.00713821382 0.166233768 0.00103801458 0.663104775 -0.0145932563 -0.748383603
1704749426.83434105 0.434525793 -0.00144961481 0.052440993 -0.00667001511 0.659191399 -0.000843959919 -0.751945143
1704749427.07933593 0.539102412 -0.00147539413 0.0849114061 -0.00566262038 0.658107945 -0.00377926859 -0.752892811
1704749427.32435107 0.644698448 -0.00435458239 0.10887084 -0.00728310474 0.651332826 -0.000907285353 -0.758756669
1704749427.56684995 0.628974647 0.00375374287 -0.000115570732 -0.00406128345 0.646319126 0.000290741417 -0.763056361
1704749427.81184912 0.781147828 0.00587964766 0.0238129834 -0.000593932944 0.63895241 0.00193495239 -0.769243604
1704749428.056849 0.944152619 0.00775083425 0.0623028777 0.00841975259 0.638770711 -0.00589523516 -0.769328494
1704749428.29934812 0.920675816 0.00175934064 -0.0447695327 0.00294179332 0.636575773 -0.00553002666 -0.771188725
1704749428.54432893 1.04726984 0.00339011311 -0.0339841697 0.00419003204 0.630678764 -0.00174991865 -0.77603072
1704749428.78933096 1.1968984 0.00427927941 -0.00402429508 0.00446584568 0.629000809 0.00326533989 -0.77738496
1704749429.03183293 1.17571447 0.00237292074 -0.11490988 8.10027168e-05 0.631171295 -0.00271544062 -0.775638715
1704749429.27681804 1.31495282 -0.00300712926 -0.0933494002 0.00231361483 0.628382314 -0.0101452821 -0.777835065
1704749429.52182102 1.46207252 -0.00506987252 -0.0639351442 0.00534804426 0.628476491 -0.0105252584 -0.777738978
1704749429.76431704 1.43469138 -0.00171998875 -0.18015021 0.00156361002 0.619870235 -0.00364309643 -0.78469432
1704749430.00930595 1.55824827 0.000211286624 -0.176987804 0.000744360341 0.61348269 -0.000687540334 -0.789707517
1704749430.25430989 1.70019624 0.000966258634 -0.153162765 -0.00924854973 0.62633578 0.00841879233 -0.779453064
1704749430.49680805 1.67956085 -0.000211677459 -0.260041277 -0.00925298515 0.624435944 0.00440815353 -0.781008773
1704749430.74179697 1.79726786 0.00736755848 -0.245831579 -0.0112981613 0.643194159 0.00623287376 -0.765594395
1704749430.986799 1.93625929 0.0078496797 -0.205615479 -0.0132815809 0.655441436 0.0077254779 -0.75508969
1704749431.22929406 1.92294068 0.00294202596 -0.28796288 -0.000626636105 0.657464238 -0.000477305345 -0.753485339
1704749431.47429204 2.04778921 0.00280453248 -0.254414079 0.000117057894 0.661494524 -0.00277460175 -0.749944853
1704749431.71928596 2.18754271 0.00148809356 -0.208483997 0.00617152674 0.661017322 -0.00315432632 -0.750338632
1704749431.96178198 2.16211513 0.00068989712 -0.310447795 0.00201315812 0.656345949 -0.00476547816 -0.754442332
1704749432.20678806 2.29065921 -0.00188695131 -0.285691827 0.0032489126 0.658787128 -0.00773145708 -0.752282652
1704749432.45177388 2.43492576 0.00255931576 -0.254879932 -0.0127951039 0.658454571 0.00680503353 -0.752480933
1704749432.694278 2.43618207 0.00150886533 -0.351180426 -0.0119688393 0.682593026 0.0110349011 -0.730617368
1704749432.93928003 2.59660832 0.00694509098 -0.303487128 -0.00893624657 0.692738296 0.016997033 -0.720933352
1704749433.18426299 2.76671699 0.00527771145 -0.248934007 -0.00399375855 0.689064359 -0.000784814611 -0.724688721
1704749433.42676306 2.77019245 0.000389822421 -0.353472223 -0.00634030013 0.687571823 0.00115754377 -0.726087769
1704749433.67176008 2.93062378 -0.00175841806 -0.306353468 -0.013144571 0.702217971 0.00700806202 -0.711806174
1704749433.91674399 3.11134068 0.00128554677 -0.230114633 -0.0263113736 0.714527735 0.0198056304 -0.698831571
1704749434.15924501 3.10583185 -0.00051377662 -0.322748514 -0.0198238192 0.751408625 0.0130910475 -0.659409371
1704749434.40424395 3.25205125 0.00104243911 -0.253762798 -0.0268937824 0.778651253 0.020118223 -0.626557426
1704749434.64923811 3.41585911 0.0084173826 -0.134255218 -0.0291477731 0.808272917 0.0252011099 -0.587545916
1704749434.89173889 3.39752923 0.00259392698 -0.197778411 -0.0161881769 0.849636511 0.0163030146 -0.52686806
1704749435.13672996 3.53711417 0.00345713422 -0.0537147317 -0.012757978 0.868509725 0.0241128877 -0.494920862
1704749435.38173294 3.67832367 0.0028562154 0.120294142 -0.0174350007 0.891868663 0.0376130391 -0.450390461
1704749435.62422705 3.65091021 -0.00181461929 0.035366714 -0.0117537025 0.917935574 0.0241063277 -0.395821952
1704749435.86923099 3.77534361 0.00649184949 0.224767849 -0.0200740673 0.934239562 0.0266759716 -0.355080084
1704749436.11423397 3.86811721 0.00916728731 0.399163597 -0.0194661276 0.950340636 0.0410993416 -0.307871061
1704749436.35672212 3.8259052 0.00301607278 0.325151918 -0.00759369357 0.967628805 0.0239348197 -0.251125379
1704749436.60172391 3.90701897 0.00667493926 0.548581914 -0.00852405929 0.973624979 0.0333794355 -0.225538364
1704749436.84671688 3.9612773 0.00571668238 0.751536264 -0.00535423931 0.983101994 0.0319832092 -0.180163469
1704749437.089221 3.89445489 -0.000274486934 0.644009995 -0.00280222081 0.992436811 0.0168963407 -0.121555903
1704749437.33422494 3.91693908 0.00186451626 0.83750979 -0.00271925901 0.997258428 0.0168731461 -0.071996744
1704749437.5792191 3.94387302 0.000977563621 1.10146537 -0.0058499271 0.998860109 0.0274794666 -0.0385893712
1704749437.82171988 3.9003682 0.00167238183 0.996303765 0.000499929377 0.999634783 0.0121124267 -0.0241524102
1704749438.06670403 3.93214989 0.000229976135 1.20736945 0.00185190009 0.999541652 0.00946243873 -0.0286970299
1704749438.31170893 3.97753261 -0.00576875865 1.44168662 -0.00719462814 0.998333337 0.00341388452 -0.0571588301
1704749438.55419898 3.94981956 -0.00488065985 1.31361093 -0.00928309943 0.997883493 0.00679644882 -0.064001303
1704749438.79919004 3.99724103 -0.00482745538 1.55578505 -0.00691242543 0.998165245 0.00682274295 -0.0597646466
1704749439.04272199 3.97765012 -0.00221817787 1.48424256 -0.00293667704 0.997266085 0.00671732622 -0.0735296543
1704749439.28668809 4.02238736 -0.000644140914 1.68591279 -0.00352656379 0.996790804 0.00733161307 -0.0796360707
1704749439.53167295 4.06951261 -0.00164625997 1.91469925 0.00337462197 0.996547584 0.00924528959 -0.0824381509
1704749439.77565408 4.04567042 -0.0014750321 1.82638288 -0.00273508567 0.996279026 0.0110771773 -0.0854278481
1704749440.01916909 4.08261541 -0.000748206378 2.02483246 -0.0101861601 0.998390804 0.0199767205 -0.0520862346
1704749440.26415706 4.10682791 0.00559433828 2.25184457 -0.00705762073 0.9988555 0.0461996732 -0.0101720068
1704749440.50916505 4.10488545 0.015268564 2.46803816 0.00439155317 0.996168457 0.072611161 0.0485462587
1704749440.75166011 4.02122396 0.00394965818 2.31344536 -0.00384250974 0.989766826 0.0380024884 0.137487005
1704749440.9966619 3.96216325 0.00168778788 2.49831044 0.000173164211 0.980107321 0.0355374181 0.195260599
1704749441.24166203 3.87976414 -0.00102196795 2.71113983 0.00259927889 0.966429123 0.0365321522 0.254309647
1704749441.48415303 3.79416256 -0.00583226339 2.57125524 0.00123229196 0.944733355 0.0189982607 0.327286473
1704749441.72915506 3.69837034 -0.0020040546 2.76673747 0.00979326654 0.929400991 0.0338321728 0.36738709
1704749441.97414994 3.59128204 0.00389789562 2.94584801 0.0197291804 0.908326146 0.042242288 0.415656061
1704749442.21664596 3.52164058 -0.00377845554 2.77127184 0.00738538087 0.880163047 0.0222386402 0.474092723
1704749442.46166396 3.40128966 -0.00386403984 2.90388348 0.00633804427 0.857231203 0.0221831877 0.514414618
1704749442.70664811 3.27624707 -0.00582003633 3.04612546 0.0172969946 0.83211346 0.0358113521 0.553177685
1704749442.94914007 3.22468986 -0.00569755276 2.88811491 0.0154528702 0.798477703 0.0276448172 0.60119076
1704749443.1941371 3.09626405 0.00140716467 3.00198042 0.0280693453 0.77175219 0.0364281524 0.634258353
1704749443.43912005 2.95984445 0.00613416655 3.08161097 0.0299390505 0.7399128 0.0325714873 0.671246453
1704749443.68161511 2.93097323 -0.00220093176 2.87873147 0.01081537 0.735588737 0.01393029 0.677198778
1704749443.92660999 2.80526636 -0.0121509863 2.97224694 -0.0100124577 0.749411126 -0.0128139101 0.661905218
1704749444.17160511 2.67766766 -0.0260557938 3.08063792 -0.0180053053 0.768729471 -0.00470039098 0.639303305
1704749444.41409302 2.63415589 -0.0122422308 2.9193663 -0.00425053141 0.772240414 -0.00350015675 0.63530656
1704749444.6590879 2.49553165 -0.00947609448 3.05050996 0.00472892644 0.776075494 0.00742392346 0.630578584
1704749444.90409803 2.3591419 -0.00904213571 3.17743176 -0.00504134296 0.778474908 0.00721604151 0.627613999
1704749445.14658594 2.32710252 -0.00449835004 3.03690148 0.00323755954 0.788799523 0.0147609044 0.614464764
1704749445.39158392 2.21074568 -0.0067234526 3.14674489 0.00527290615 0.788640974 0.0121070456 0.614712152
1704749445.636585 2.0764531 0.00137526432 3.26892479 0.00874132833 0.794373136 0.0182635047 0.607092542
1704749445.87907505 2.02624812 -0.0032685862 3.10247657 0.00632349159 0.773010712 0.0150581284 0.634182707
1704749446.12407303 1.88754147 -0.00699906519 3.20246656 0.0112441259 0.754965473 0.0147414471 0.655502398
1704749446.36907601 1.7483747 -0.00888223697 3.2712215 0.00600495291 0.735670899 0.0163544162 0.677115058
1704749446.61156607 1.70137726 -0.00737295635 3.10763481 0.00299599233 0.708068327 0.0130383431 0.706017188
1704749446.8565681 1.56403999 -0.00562689059 3.1696508 0.0110281582 0.693219617 0.0159316562 0.720465908
1704749447.10156608 1.42008913 -0.00505426494 3.2456346 0.00939220032 0.688553418 0.00944097766 0.725063339
1704749447.3440671 1.35841821 -0.00664662723 3.10124954 -0.00153364224 0.696643064 0.00957328198 0.717352383
1704749447.58906198 1.21400827 -0.0142108869 3.16791123 -0.00914911715 0.701673246 0.011821392 0.712342056
1704749447.83405995 1.05927662 -0.0253656872 3.27211936 -0.00882853362 0.692495523 0.0140607636 0.721231102
1704749448.07654691 0.997892567 -0.0128825238 3.11052535 -0.0010039207 0.685695375 0.0251137818 0.727454564
1704749448.32154894 0.84169353 -0.00850658887 3.192367 0.0198671289 0.662979755 0.0411841442 0.747239592
1704749448.56654811 0.692360007 0.00127599081 3.25949139 0.0343283298 0.630263957 0.0450214009 0.774313879
1704749448.80904889 0.639860428 -0.000235749783 3.05660879 0.0343486373 0.584302226 0.0370381023 0.809962504
1704749449.05404305 0.502567709 0.00294329709 3.05150647 0.0138578836 0.551242507 0.0231690218 0.833908181
1704749449.29653907 0.446502549 -0.0105451204 2.86988451 -0.00902696416 0.530651099 0.00528510528 0.847525807
1704749449.54154396 0.322527479 -0.0142553509 2.84816951 -0.00847079093 0.516771014 0.00361483527 0.856074119
1704749449.78653193 0.194940503 -0.0124762924 2.83810512 -0.000406839406 0.494032542 0.0128518572 0.869348326
1704749450.02902889 0.124103864 -0.00568174142 2.68245543 0.00813532249 0.454528099 0.0119271778 0.890615386
1704749450.27403903 0.0105921543 0.000515047082 2.6442055 0.0130512792 0.426491723 0.0208214291 0.904157587
1704749450.51902008 -0.0954162587 0.00615917658 2.61793584 0.0170318477 0.391956773 0.0180817389 0.919648223
1704749450.76152301 -0.11795562 -0.00442577879 2.41535519 -0.00665033634 0.345696938 0.00649555017 0.93830017
1704749451.00651789 -0.194541534 -0.00833612005 2.34957355 0.000591223055 0.317588669 0.00814391653 0.948193421
1704749451.25151706 -0.268314739 -0.0130852827 2.28077891 -0.00176419896 0.283815759 0.00441879848 0.958867028
1704749451.49401212 -0.31130324 -0.0123762989 2.09805464 -0.0004637328 0.286219317 0.00390800776 0.958156049
1704749451.7390089 -0.388740603 -0.0131543785 2.03331065 -0.00998540619 0.288123496 0.00858128169 0.957502744
1704749451.98399997 -0.470020972 -0.0120273365 1.96516984 -0.00728326424 0.284451956 0.00316428292 0.958657408
1704749452.22900105 -0.556301345 -0.0132176874 1.91700113 -0.00737433912 0.303193334 0.00344859958 0.95289429
1704749452.47151303 -0.594951452 -0.0105623549 1.71298779 -0.00519062551 0.305921687 0.00402585403 0.952034018
1704749452.71650004 -0.680582642 -0.0110286675 1.64569619 0.00521548672 0.296864826 0.0070553549 0.954879205
1704749452.96150088 -0.764400631 -0.0109484805 1.59050957 0.0106769333 0.272884381 0.0209004693 0.961760515
1704749453.20399308 -0.793586903 -0.00555324613 1.39228081 0.0149442638 0.227874058 0.010794424 0.973516083
1704749453.44900298 -0.844290591 -0.00206448475 1.31485337 0.0235034119 0.195836816 0.00867262005 0.980316437
1704749453.69400191 -0.883830591 -0.000143206828 1.24785061 0.0364888932 0.156487865 0.00769227515 0.986975652
1704749453.93649793 -0.877512681 -0.00778580486 1.04410628 0.0198977745 0.0898358518 0.0102049535 0.995705507
1704749454.18150592 -0.876636372 -0.0103599208 0.946457268 0.0152093947 0.0393059253 0.0136958422 0.999017589
1704749454.42649293 -0.859679864 -0.0118545324 0.866029234 0.0230167786 -0.0134066979 0.00868084217 0.999607489
1704749454.67149091 -0.827538475 -0.00708242223 0.781514552 0.0392205634 -0.058330132 0.00551474996 0.997511369
1704749454.91399598 -0.807704481 -0.0102745605 0.574137393 0.0243145147 -0.121596474 0.00222974789 0.99227926
1704749455.15898609 -0.754353282 -0.00884182892 0.487746603 0.0301344351 -0.169414489 -0.00241221898 0.985081128
1704749455.40398407 -0.666245855 -0.00922580132 0.430188545 0.0255566775 -0.210686851 0.00867632426 0.97718096
1704749455.646492 -0.62735905 -0.0103025124 0.256618199 0.0189821026 -0.270583379 0.00229493382 0.962506648
1704749455.89147902 -0.532742613 -0.00947021039 0.204722506 0.0260023171 -0.324975751 -0.00419761238 0.9453555
1704749456.13442302 -0.480828445 -0.0088602941 0.0601849717 0.0136388641 -0.375293819 -0.00425204195 0.926795798
1704749456.37898803 -0.380228506 -0.00494239074 0.021101003 0.0194110693 -0.414608101 -0.00568261638 0.909775269
1704749456.6239779 -0.245953664 0.00129999155 0.0275892153 0.0191359305 -0.464901782 -0.014572563 0.885035474
1704749456.867414 -0.198457725 -0.00698333237 -0.107213506 0.0072493155 -0.519885031 -0.00482851652 0.854191833
1704749457.11147499 -0.0791684723 -0.00525382335 -0.100588368 0.0121646547 -0.567223079 -0.00699077116 0.823444673
1704749457.35647988 0.0456861834 -0.00168315333 -0.07344526 0.0174835835 -0.605458516 -0.0147072198 0.795548872
1704749457.60147309 0.162442333 0.00435775311 -0.0268185266 0.0268887667 -0.64183946 -0.0296748028 0.765792732
1704749457.84396505 0.190452064 0.00230647897 -0.14931463 0.0129758353 -0.688404583 -0.00961390962 0.72514711
1704749458.08896899 0.321524466 0.00199344567 -0.0758395973 0.00381484653 -0.692789198 -4.05932158e-06 0.721130067
1704749458.333951 0.469608173 -0.00044365932 0.0222803555 0.00150604755 -0.705893942 -0.00438643037 0.708302361
1704749458.57645106 0.521505675 -0.0044712416 -0.108114475 0.00152285024 -0.710072683 0.00395673938 0.704115623
1704749458.82145596 0.673627261 -0.00037307884 -0.053028654 -0.00428547455 -0.697963112 0.0028384683 0.716115265
1704749459.06394601 0.733731997 0.00283943528 -0.188190321 0.00455770076 -0.682625403 -0.00446319746 0.730740629
1704749459.30894399 0.867455004 -3.48174512e-05 -0.159943712 0.00343986432 -0.677353209 -0.00552310348 0.735629182
1704749459.55394697 1.01051926 -0.00349692326 -0.108868754 -0.00496128474 -0.677908347 0.00786985241 0.735087562
1704749459.79643512 1.07261894 -0.00100910332 -0.23158869 0.000198581966 -0.672354844 0.00103396386 0.740228245
1704749460.041435 1.21535856 -0.000589310839 -0.192577268 -0.00808821905 -0.668804318 0.00423467686 0.743382427
1704749460.28643703 1.36227221 -0.000784717578 -0.153096351 -0.00294194408 -0.663798927 -0.00362618467 0.747896504
1704749460.5289309 1.43384206 0.00033961621 -0.281912878 0.000793146969 -0.657106361 -0.00560756262 0.753776596
1704749460.77392697 1.58180841 -0.0020540482 -0.248973055 -0.00018854463 -0.652302223 0.0073517193 0.757923298
1704749461.018924 1.73497816 -0.00666239929 -0.188911829 -0.00735434993 -0.657766632 0.00915054441 0.753130293
1704749461.26142097 1.7959878 -0.00543169944 -0.332337843 -0.005918971 -0.645627056 0.00598048472 0.763606511
1704749461.50642204 1.94893006 -0.00380643455 -0.287313605 -0.00636095645 -0.636913147 0.00667349205 0.770880436
1704749461.75069594 2.01906416 -0.00166775836 -0.398644368 0.000464614771 -0.652030032 0.00506578212 0.758176074
1704749461.99392009 2.15144477 -0.000942435384 -0.36706182 0.0110496539 -0.677642485 -0.0038111492 0.735298607
1704749462.23890805 2.28640657 0.00215756778 -0.320653014 0.0216297265 -0.71023806 -0.00852289201 0.703577582
1704749462.48392391 2.441268 0.00917528349 -0.234901435 0.0212886957 -0.736930088 -0.01653689 0.675431246
1704749462.72642303 2.49753613 0.00340067162 -0.332071744 0.010570146 -0.751229377 -0.00982286071 0.659883479
1704749462.97141695 2.63325872 -0.00131794354 -0.259618785 0.00445095832 -0.764106728 -0.00677998991 0.645038859
1704749463.21640611 2.78789525 -0.00548809171 -0.164116484 -0.00226578911 -0.762231249 0.0064700328 0.647268512
1704749463.45889807 2.84872681 -0.00609863715 -0.281178137 -0.00455447537 -0.737923984 0.0115793429 0.674769123
1704749463.70390511 2.99401778 -0.00912162386 -0.213502909 -0.00154957474 -0.738516699 0.0122727484 0.674121698
1704749463.94889307 3.15009598 -0.00752609314 -0.142811145 0.00140219476 -0.73085886 0.00751604721 0.682485802
1704749464.19138908 3.20833878 8.7837363e-05 -0.275456807 0.0181736359 -0.735517861 -0.00959882068 0.677193516
1704749464.43638802 3.35686351 0.00364697718 -0.200243183 0.0217505402 -0.764548917 -0.0226202348 0.643801361
1704749464.67887902 3.42164857 0.00253970187 -0.269157216 0.0188673287 -0.796980757 -0.0194054184 0.603397984
1704749464.92387795 3.5501738 0.00717803058 -0.165947949 0.0167232916 -0.826102022 -0.0187619671 0.562959829
1704749465.16887403 3.67494375 0.00950003991 -0.0349702492 0.0214416535 -0.849289549 -0.0297266817 0.526653436
1704749465.41137099 3.71356668 0.00526599752 -0.0864025953 0.00922933292 -0.881078432 -0.0189801026 0.472499071
1704749465.6563611 3.82476811 0.00763689268 0.0471861276 0.00500088282 -0.89926521 -0.0202651147 0.43690548
1704749465.90135288 3.93720379 0.00476177411 0.205127603 -0.00339667282 -0.901015082 0.000113430484 0.433774448
1704749466.1438539 3.95981021 -0.00446132477 0.130381574 0.00253449902 -0.902658726 0.000499653183 0.430349337
1704749466.38883591 4.06986293 -0.00743222829 0.285892967 0.0127226927 -0.917747933 -0.0100585287 0.396832068
1704749466.63384295 4.17506519 0.00511017032 0.429291288 0.0160338292 -0.929991441 -0.0314297426 0.365883871
1704749466.87634897 4.18868915 0.00704780919 0.362346522 0.0149986739 -0.953799526 -0.0334103815 0.298203371
1704749467.12134504 4.26341456 0.0148576264 0.528024701 0.012000887 -0.967473024 -0.0474358676 0.24819703
1704749467.3663559 4.31852641 0.0161310824 0.723258891 0.0119542836 -0.979976111 -0.0360431843 0.195460496
1704749467.60885096 4.28538357 0.00415690137 0.68989784 0.00407738149 -0.992624732 -0.0246970661 0.118615221
1704749467.85384297 4.30449895 0.00244713889 0.864718839 0.00309639899 -0.997406785 -0.028622091 0.0659612953
1704749468.0988369 4.33625377 0.00136574616 1.0911988 -0.00356325343 -0.999005832 -0.016512747 0.0412550609
1704749468.34133506 4.30268359 0.000424063144 1.01899139 0.00234336337 -0.999691757 -0.0211086445 0.0128578464
1704749468.58633804 4.31819743 -0.00101174013 1.23602473 0.00590978016 -0.999946738 -0.00783899134 0.00318511228
1704749468.83132696 4.32735176 -0.00536687749 1.42544352 0.00175977295 -0.999976191 -0.00589277395 -0.00312994882
1704749469.07381701 4.28978083 -0.0077122703 1.36988448 0.00777093732 -0.99946067 -0.0114285213 -0.0297887496
1704749469.31882 4.30021568 -0.00549042986 1.56661607 0.00552673626 -0.998615556 -0.0148155443 -0.0501689715
1704749469.56381011 4.31505457 0.00713427499 1.77665519 -0.00404644615 -0.998385269 -0.0185977486 -0.053521999
1704749469.80629802 4.27355688 -0.00170857317 1.70398572 0.00148865381 -0.999236401 -0.0102431481 -0.0376759445
1704749470.05130005 4.2741341 -0.00842440345 1.90177799 0.00514491298 -0.999226509 0.00372810176 -0.0388074136
1704749470.29629111 4.28058579 -0.0176134701 2.11080096 0.0103283768 -0.999067072 0.00629597037 -0.0414568566
1704749470.53878999 4.24929161 -0.00700891968 2.05194521 0.00245689794 -0.999573876 -0.00466452639 -0.0287101356
1704749470.78379512 4.26209868 -0.00259034963 2.24558157 0.0070577723 -0.998019741 -0.0286493617 -0.0555517684
1704749471.02878594 4.27136352 0.00306804016 2.4582316 0.00427731339 -0.996534993 -0.0170244839 -0.0813011647
1704749471.27129006 4.22501088 -0.00151202518 2.39691271 0.00498378733 -0.996556267 -0.0215780419 -0.0799071765
1704749471.5162921 4.21255068 -0.00706123137 2.60558071 0.00773149041 -0.99430166 -0.0172884501 -0.104907305
1704749471.75929809 4.15604552 -0.00792735417 2.58892955 0.00416455955 -0.989103644 -0.0196947213 -0.145838115
1704749472.0037899 4.12499663 -0.00320799535 2.75588693 3.6839979e-06 -0.980553017 -0.0394135786 -0.19225595
1704749472.24878407 4.08337944 0.00505714783 2.94849194 -0.0166947861 -0.965661497 -0.0563989414 -0.253057933
1704749472.4937911 4.00898432 0.0200186475 3.12212896 -0.00782360529 -0.947483634 -0.0601733944 -0.313994773
1704749472.73628402 3.89152674 0.003180847 3.01452892 -0.0120498752 -0.910608028 -0.0362960385 -0.411497774
1704749472.981282 3.7821362 0.00595502028 3.16896134 -0.0234197607 -0.878368373 -0.0431210935 -0.475458817
1704749473.22628307 3.67028486 0.00742542043 3.28264085 -0.0286867915 -0.849015819 -0.0375700265 -0.526248706
1704749473.46877694 3.55350752 -0.00894579845 3.13639204 -0.00461593807 -0.813598063 -0.013459708 -0.581253578
1704749473.71377802 3.44221919 -0.0129455314 3.27156762 -0.00682011565 -0.81377565 -0.00774978983 -0.581087445
1704749473.95877004 3.33666948 -0.0156686013 3.40370839 0.00786962167 -0.814360236 -9.15244542e-05 -0.580306356
1704749474.2012701 3.23568425 -0.00811508366 3.28071621 -0.00582092912 -0.803624912 -0.0154744511 -0.594906428
1704749474.44626808 3.11584567 -0.00357617039 3.38846467 -0.0193132658 -0.778456365 -0.0285303993 -0.626752504
1704749474.69125199 3.00025745 0.00212289486 3.50030152 -0.0324866866 -0.747957179 -0.0335484574 -0.662102088
1704749474.93375206 2.88854191 -0.00376189389 3.32105195 -0.0219736002 -0.711659369 -0.0229694584 -0.701805178
1704749475.17875195 2.76059233 -0.00739238363 3.38855077 -0.01094865 -0.684329108 -0.0273389999 -0.728578327
1704749475.42124891 2.65427616 -0.00863111151 3.24077774 -0.00770769714 -0.669860853 -0.010264158 -0.742375698
1704749475.66624689 2.53652983 -0.0111317017 3.27635882 0.00316165477 -0.665726408 0.00285246313 -0.746183769
1704749475.91124105 2.41882825 -0.0186100711 3.33606164 0.0102455802 -0.677946035 0.00438242344 -0.735027208
1704749476.15375996 2.31121255 -0.011870529 3.1991637 0.0064775209 -0.685694491 0.00129778056 -0.72785948
1704749476.39875388 2.19220625 -0.0128046875 3.26986548 0.00638851935 -0.695778119 -0.00496300877 -0.718211225
1704749476.64375401 2.0830863 -0.013703529 3.34422859 0.0131553335 -0.695909396 -0.00866374192 -0.717956816
1704749476.88626099 1.97746738 -0.00401401662 3.22740497 -0.00338754917 -0.701506122 -0.0194537789 -0.712389806
1704749477.1312499 1.85053993 0.000894331173 3.28008635 -0.011979783 -0.704499838 -0.0143342792 -0.709458238
1704749477.37626004 1.73263535 0.00110242503 3.3545307 -0.0165027252 -0.700645547 -0.0130170718 -0.713199855
1704749477.61876607 1.63280378 -0.00596182479 3.21527631 -0.000597005505 -0.709795715 -0.0164339344 -0.704215601
1704749477.86374998 1.51473404 -0.0132804703 3.2710408 0.0159087206 -0.70945589 -0.0159329694 -0.704390086
1704749478.10874009 1.39318779 -0.0240936105 3.33529994 0.0213087449 -0.706140741 -0.0115902717 -0.707655889
1704749478.35123897 1.28831939 -0.0154508027 3.20638813 0.0116015892 -0.724911952 -0.00399764712 -0.68873223
1704749478.59623408 1.16607546 -0.0170189282 3.27888717 0.00967965838 -0.721969907 -0.010583886 -0.691775787
1704749478.84122491 1.04948653 -0.0167157407 3.36800144 -0.00477766775 -0.724237979 -0.0167382769 -0.689330366
1704749479.08372498 0.944426887 -0.0135671797 3.26502946 -0.00810571994 -0.733985837 -0.0263635379 -0.678604489
1704749479.32871294 0.826259867 -0.0114091353 3.33478364 -0.00430210974 -0.723592199 -0.0269058576 -0.68968971
1704749479.5737071 0.704954313 -0.0110209186 3.40555349 -0.0100347492 -0.702045438 -0.0269803686 -0.711550116
1704749479.81621504 0.59853229 -0.0114767225 3.26824423 -0.00474470684 -0.70477088 -0.0152245854 -0.709255741
1704749480.0612011 0.482932637 -0.0137164213 3.31845082 0.00207342029 -0.707674036 -0.00658514075 -0.70650534
1704749480.30620098 0.360648833 -0.0210339422 3.36139143 0.00667946186 -0.698510294 -0.0113636664 -0.715478596
1704749480.54870701 0.25621055 -0.017955601 3.2422945 0.00303043568 -0.679264737 -0.0146853923 -0.733740126
1704749480.79368901 0.141817112 -0.0164553179 3.2859315 0.0003835266 -0.676283021 -0.021815722 -0.736318683
1704749481.03868699 0.0213021632 -0.00591681061 3.35210701 -0.021866219 -0.663832587 -0.0397025075 -0.746506447
1704749481.28119493 -0.0823917256 -0.00567695611 3.23023549 -0.0239731385 -0.618063659 -0.0385479919 -0.784816319
1704749481.52618289 -0.193923694 -0.00426244796 3.24532699 -0.0302622503 -0.5802959 -0.0331867486 -0.813166345
1704749481.77117801 -0.298440833 -0.00474046076 3.24171558 -0.0222358661 -0.535482981 -0.0247304826 -0.843890956
1704749482.01368093 -0.383183487 -0.0145118647 3.04761069 0.00211591002 -0.47407308 -0.0137795206 -0.880375126
1704749482.25868392 -0.467859694 -0.0135944174 3.02675597 -0.0038160905 -0.43133576 -0.0131548017 -0.902087496
1704749482.50369 -0.543348071 -0.010643496 3.01857584 -0.0165036014 -0.395551407 -0.019569624 -0.918087003
1704749482.74618292 -0.611670175 -0.0106432833 2.82408222 -0.00563788709 -0.336102865 -0.0166791025 -0.941660707
1704749482.991184 -0.665521905 -0.0137561705 2.78517327 -0.00355856193 -0.294500698 -0.0164401416 -0.955503217
1704749483.23617196 -0.710237963 -0.0179133091 2.75110539 0.015814447 -0.267953247 -0.00487422328 -0.963289781
1704749483.47866511 -0.770696442 -0.018373365 2.54172521 0.00997356196 -0.279002838 -0.00842216129 -0.960201547
1704749483.72367406 -0.825580314 -0.0175239345 2.50613022 0.0150965129 -0.286004385 -0.00471569582 -0.958097776
1704749483.96865797 -0.889396962 -0.0160287096 2.48094761 0.00605257196 -0.287567014 -0.00501434049 -0.957728268
1704749484.21365309 -0.955993207 -0.0193619239 2.43870137 0.0214649199 -0.289141896 -0.0112560228 -0.956979375
1704749484.45615101 -1.03766293 -0.0188487316 2.22104678 0.00124648169 -0.296403658 -0.0163208005 -0.954922483
1704749484.70114303 -1.10002431 -0.0154960619 2.17485066 -0.0113300966 -0.271599549 -0.0171058643 -0.962191615
1704749484.94614601 -1.15687642 -0.0022871398 2.13508033 -0.0338277485 -0.243689536 -0.0159199979 -0.96913242
1704749485.18864894 -1.20375775 -0.0100491219 1.89249745 -0.0175105931 -0.184298294 -0.0122660933 -0.982637808
1704749485.43364596 -1.21708333 -0.0114850936 1.84233223 -0.0203861314 -0.137955793 -0.00648377576 -0.990207335
1704749485.67864704 -1.21629345 -0.0196343205 1.77166065 -0.0104335874 -0.0929279834 -0.0108053658 -0.995559528
1704749485.92114091 -1.2433975 -0.0203846473 1.54537359 -0.0132038672 -0.0424831651 -0.00902361235 -0.998969175
1704749486.16613793 -1.2380357 -0.0154436863 1.48209053 -0.0235279547 -0.00224830882 -0.00457878045 -0.999710166
1704749486.41113591 -1.22308863 -0.0104363411 1.41937143 -0.0325006374 0.0255847862 -0.0045682467 -0.999133754
1704749486.65362811 -1.22139108 -0.0178587747 1.19564133 -0.0128005973 0.0792137134 -0.00949211313 -0.99673027
1704749486.89862299 -1.18592736 -0.0212554383 1.13248166 -0.00161242303 0.0816868894 -0.00457112351 -0.996646255
1704749487.14362001 -1.14749815 -0.0260517213 1.0927253 0.0206167557 0.0778807679 -0.00934485599 -0.996705678
1704749487.38611889 -1.15995814 -0.0228498354 0.859018971 0.00375858637 0.0654401473 -0.0097548088 -0.997801736
1704749487.63111591 -1.13855604 -0.0186679287 0.794453022 -0.0102657532 0.0744388443 -0.00572743346 -0.997156291
1704749487.87610197 -1.10908513 -0.0152868327 0.748576109 -0.0341696006 0.116398365 -0.000383385732 -0.992614584
1704749488.11859798 -1.10804961 -0.0151090635 0.540118377 -0.0284282749 0.177851788 -0.00118618771 -0.983645855
1704749488.36359811 -1.04739736 -0.00970108849 0.504812695 -0.0244795416 0.226147555 -0.00322640178 -0.973780071
1704749488.60858107 -0.969165173 -0.00879693289 0.480719392 -0.0216673095 0.27296726 0.00395816225 -0.961771145
1704749488.85108089 -0.923457014 -0.0138109999 0.306777659 -0.006108556 0.328386521 0.00352042213 -0.944517117
1704749489.09608197 -0.832786471 -0.015024268 0.295491502 -0.0214052671 0.376356378 0.00722465382 -0.92619949
1704749489.34107494 -0.743508143 -0.0123623247 0.306235703 -0.024992287 0.42569437 0.0110278035 -0.904454574
1704749489.5835731 -0.690251437 -0.0118724363 0.146704369 -0.015509892 0.489082738 0.00667387339 -0.872073952
1704749489.8285749 -0.584738805 -0.00690596618 0.181363454 -0.0170798792 0.544495045 0.0113988807 -0.838512665
1704749490.07356405 -0.478932076 -0.00425749153 0.228844578 -0.027205497 0.595954903 0.0204368318 -0.802296672
1704749490.31606388 -0.429878697 -0.00287194767 0.0847928471 -0.0107231235 0.663551746 0.0143523803 -0.74791584
1704749490.56106091 -0.330139986 0.00195929346 0.1467483 -0.0234286979 0.707040796 0.0309082515 -0.706108412
1704749490.80605292 -0.230130212 0.00577022762 0.219770967 -0.0265312684 0.744289351 0.0297123173 -0.666668307
1704749491.05082703 -0.176039857 -0.00103476764 0.102885133 -0.0106393159 0.777874419 0.0210404335 -0.627977303
1704749491.29354811 -0.0841354643 -0.000190686168 0.194292846 -0.000354512749 0.783268678 0.00668213097 -0.621647329
1704749491.538553 0.00832913758 0.000567057197 0.314437281 0.0178506327 0.77214926 0.00173623128 -0.635188052
1704749491.78104901 -0.0130887496 -0.00652542787 0.217836562 0.0104053809 0.774030295 -0.0142769008 -0.632902047
1704749492.02604604 -0.0203325932 -0.0177099036 0.254585301 0.00779005394 0.760852644 -0.0173828548 -0.648645054
1704749492.27104998 -0.0150621218 -0.0137952137 0.290999949 0.0101425258 0.739501727 -0.0234142853 -0.672670868
1704749492.51354194 -0.0330418762 0.00378066444 0.131846362 -0.00520274346 0.725273889 0.0071888152 -0.688403253
1704749492.75854206 0.0063075757 0.00539908845 0.196976822 0.00866409413 0.720093086 -0.00407807724 -0.693811394
1704749493.0035429 0.0530639607 -0.0140716547 0.294690465 0.0235480522 0.718427111 -0.0186562325 -0.694953179
1704749493.2460289 0.012243278 -0.00949809158 0.136803562 0.00145975155 0.705181833 -0.00440539128 -0.709011314
1704749493.49102402 0.0134368016 -0.0118607267 0.176335166 0.00910614785 0.687505553 -0.0174043105 -0.725913413
1704749493.7360239 0.0159653987 -0.00696287944 0.20521952 0.00440075251 0.659024178 -0.0122580213 -0.752008981
1704749493.98101306 0.0347697608 0.00741335763 0.254451911 -0.00164837066 0.65571146 0.0087357516 -0.754959238
1704749494.22350788 0.0099331965 0.00447272853 0.118441513 -0.00944037278 0.655464736 0.0143656974 -0.755030123
1704749494.46850395 0.0297850464 -0.0050522183 0.192587127 0.00516818048 0.677656206 0.00126178783 -0.735359616
1704749494.71350098 0.0450267341 -0.0134026851 0.267820841 0.0124778892 0.673313488 -0.011103647 -0.739168423
1704749494.95598698 0.0165306407 -0.00752453533 0.124966766 0.00723319433 0.664142937 -0.00989232288 -0.747505172
1704749495.20097709 0.0280743113 -0.0107982021 0.18597061 0.00643921549 0.665793649 -0.0052848599 -0.746089421
1704749495.44598508 0.038764857 -0.0100191211 0.253760729 0.00164231755 0.660466774 -0.00935513312 -0.750795195
1704749495.68847704 0.013549756 -0.00221231138 0.117357294 -0.0102013682 0.662336369 0.00340058858 -0.74912943
1704749495.93347692 0.0276251037 -0.00615839276 0.179109285 -0.00237159415 0.683350369 -0.00135652963 -0.730085481
1704749496.1784761 0.0483849404 -0.00868500132 0.247457988 -0.00434842496 0.692015324 0.00217503529 -0.721866436
1704749496.4209609 0.0271623379 -0.00499507267 0.123773375 -0.000190039199 0.693798505 0.0059429406 -0.720144624
1704749496.66596198 0.0429724587 0.00295426256 0.17983612 -0.0110980767 0.693041065 0.0134017549 -0.720688079
1704749496.90908098 0.0185557579 -0.00250325934 0.0827991281 -0.00327308152 0.704612802 0.000237058147 -0.709584407
1704749497.15345597 0.0261572014 -0.00577093264 0.135166253 -0.00153889349 0.701932898 -0.00055829594 -0.7122412
1704749497.39846802 0.035918713 -0.00996688556 0.188576749 0.00128275265 0.714173392 -0.00304751017 -0.699961022
1704749497.64346099 0.0445806818 -0.0165052557 0.240315644 0.010830811 0.717584733 -0.0148038396 -0.696229625
1704749497.88596201 0.0185409857 -0.0068945964 0.107457924 -0.00265184216 0.708967383 -0.00223117847 -0.705232756
1704749498.13095498 0.0244106912 0.0031638164 0.144900626 -0.00362928165 0.688206742 -0.00433431931 -0.725492607
1704749498.37595296 0.0440978549 0.0136405911 0.213779989 -0.000712734268 0.691931511 0.0027350551 -0.721957613
1704749498.61845899 0.0149947595 -0.00252042049 0.111317539 -0.00118836739 0.693080213 -0.000638606288 -0.720859208
1704749498.86344409 0.0289201885 -0.00512592077 0.167661443 -0.000735424053 0.695670355 -0.00230231656 -0.718357095
1704749499.10844398 0.043027429 -0.00465781111 0.230637863 0.000180141739 0.697759895 -0.00184064441 -0.71632933
1704749499.35094309 0.0193080517 -0.00268140467 0.118006924 -0.00140504766 0.694408497 -0.0012519288 -0.719578556
1704749499.59594011 0.027944855 -0.00298773974 0.160837906 0.000202030661 0.695664775 -0.00253406417 -0.718362067
1704749499.84093189 0.0409875344 -0.00345444843 0.224567106 0.00202905951 0.697579915 -0.0040691802 -0.716492559
1704749500.0834229 0.0162614533 -0.00260197097 0.103931207 -0.00137031817 0.694251762 -0.00109010295 -0.719730106
1704749500.32842994 0.0293153414 -0.00299708271 0.168395136 0.000583965028 0.696277992 -0.00283637454 -0.717766377
1704749500.57341909 0.0422412563 -0.0034652711 0.231510729 0.00221009218 0.697965281 -0.00432464275 -0.716115131
1704749500.81592011 0.0153401286 -0.00252883872 0.0998713992 -0.00149824247 0.694203347 -0.00104021433 -0.719776623
1704749501.06092 0.025745175 -0.00290795723 0.150846296 6.09688189e-05 0.695898168 -0.00250357438 -0.718136107
1704749501.30590796 0.0405503017 -0.00344895674 0.223226732 0.0021139567 0.697849202 -0.00428193163 -0.716228795
1704749501.54840398 0.0146593676 -0.00252037074 0.0962322712 -0.00164024339 0.694156472 -0.000929957248 -0.71982167
1704749501.79341006 0.0219779632 -0.00276038965 0.132437281 -0.000330604417 0.69539732 -0.0020887901 -0.718622359
