1704749412.2100141 0.12493401 0.046695174 0.103308055 0.0592802996 0.68823995 0.0724441173 -0.71941884 1.46811745 0.295939661 1.63501679 0.00010365138 -8.92800444e-05 -0.000260328186 -0.00624037536 2.6511716e-06 -0.0234569722 
1704749413.4148159 0.117006087 0.0376613642 0.119485402 0.0305273776 0.701318358 0.0406701625 -0.711032051 1.37767824 0.181126155 1.66709083 7.80552656e-05 -7.58770255e-05 -0.000265178301 -0.0293872849 -0.000299438027 -0.0446342656 
1704749414.61966205 0.0850719064 0.00768523621 0.11807091 -0.0199404922 0.70734123 -0.0232588935 -0.706208032 1.20850453 -0.0892232914 1.3881194 -0.000301878845 0.000252445114 -0.00029914983 -0.0691849389 -0.000312680091 -0.0816754604 
1704749415.82456994 0.0640720062 -0.0186248171 0.0999704364 -0.0536770359 0.697084584 -0.0536457338 -0.712961425 1.17197219 -0.279917592 1.09195905 -0.000670530971 0.000610688694 -0.000294600679 -0.123890503 0.000407257836 -0.132975531 
1704749417.02950311 0.0755926035 -0.0300758125 0.0916057468 -0.0517681397 0.687620636 -0.0498913313 -0.722501748 1.32475088 -0.273023116 1.10001654 -0.00073061414 0.000689236048 -0.000284800911 -0.192204755 0.00203760323 -0.197495549 
1704749418.23449612 0.126643244 0.00951013245 0.128831023 0.0128590538 0.694523882 0.0100396801 -0.719284664 1.55418144 0.0297251445 1.54420345 -1.69852695e-05 -2.47545576e-05 -0.000303521696 -0.27962541 0.00264880862 -0.276276002 
1704749419.43948197 0.131698853 0.0106719951 0.134698014 0.0130665606 0.694302988 0.00952191763 -0.719501188 1.57066029 0.0279990318 1.56716274 -1.9569069e-05 -2.99058886e-05 -0.000307170016 -0.379761265 0.00433469704 -0.370046429 
1704749420.64444089 0.137119015 0.0108270646 0.140327982 0.013052465 0.694319313 0.00947257935 -0.719486342 1.59252654 0.0286929018 1.58966838 -2.0134739e-05 -3.87241553e-05 -0.000304954055 -0.49329463 0.00638600982 -0.476319595 
1704749421.84941602 0.143274752 0.011027364 0.146713002 0.0134355596 0.694636382 0.00928872674 -0.719175571 1.61955722 0.0296127102 1.61777534 -1.77868955e-05 -5.67125694e-05 -0.000307977883 -0.618658705 0.00865369441 -0.593653519 
1704749423.05440497 0.149183139 0.0110878937 0.152806041 0.0134756932 0.694584022 0.0091475632 -0.7192272 1.6398941 0.0293675154 1.63760237 -1.82825144e-05 -6.4874265e-05 -0.000306923213 -0.756400811 0.0112440209 -0.7226667 
1704749424.25938511 0.151100383 0.0112325361 0.158416039 0.0122085757 0.695787573 0.00988308354 -0.718075851 1.45051234 0.0487150224 1.65647646 -1.72518626e-05 -6.78247251e-05 -0.000292728338 -0.905105739 0.0139616782 -0.861814295 
1704749425.46435809 0.136607263 -0.000751319734 0.142708678 -0.0116526027 0.677379116 0.00750024874 -0.735503566 1.65913582 0.0285049744 1.48643895 -0.000177818467 0.000767462588 0.000429659219 -1.05844036 0.0188589756 -1.00811234 
1704749426.669348 0.458935389 -0.00154533584 0.11455368 -0.00391002117 0.661447433 0.00526044682 -0.749962888 1.95906516 0.0016522124 1.47809011 -0.000221876229 0.00110707719 0.000747632898 -1.21261649 0.0199013361 -1.1485844 
1704749427.87435102 0.816516058 0.00811777232 0.0284687789 -0.00238776054 0.639402665 0.00704360519 -0.76883608 1.96774606 0.0206758371 1.28594443 -0.000185254838 0.00171418304 0.0013502934 -1.37621334 0.019514631 -1.28965071 
1704749429.07683301 1.17071395 0.00170523937 -0.136062631 0.00164753773 0.632630628 -0.00378074536 -0.77444269 1.42439727 -0.0442147606 0.792981701 -0.000400763542 0.00188402823 0.0013599048 -1.55586768 0.0229416742 -1.43561568 
1704749430.2818079 1.60309654 0.00114170798 -0.241577251 -0.00447391587 0.631449199 0.00373569241 -0.775395343 1.43322377 -0.000183588814 0.816305351 -0.000138701726 0.0017890796 0.00152028065 -1.73066372 0.0261511636 -1.57172543 
1704749431.48679209 2.00989519 0.00367175862 -0.292158487 0.000624386133 0.660311052 -0.00437401446 -0.750979222 1.44046074 -0.0165270548 0.967670661 -0.000355190748 0.000783614086 0.000220505958 -1.91209966 0.0204859714 -1.72274892 
1704749432.69177699 2.444656 0.00209884652 -0.342177301 -0.0150303344 0.680453046 0.0118317787 -0.732541979 1.56218177 0.039292097 1.0014693 -3.68049606e-06 -2.43985006e-05 1.81514235e-05 -2.0977145 0.0242252843 -1.88565519 
1704749433.89674711 2.99021575 -0.00022345576 -0.337942225 -0.0162981209 0.723079376 0.0120865936 -0.690466872 1.70128927 0.0258035621 1.2331403 -8.79572984e-05 -0.00173464294 -0.0017755966 -2.28759855 0.0164863627 -2.07053259 
1704749435.10172892 3.49210971 0.00356753971 -0.109702893 -0.0135342982 0.867290094 0.0205046342 -0.497196415 1.67044192 0.06129153 2.10662587 0.000230571801 -0.00898932798 -0.00871812321 -2.47085435 -0.00553861279 -2.3268103 
1704749436.30672503 3.83004609 0.0054666966 0.33076349 -0.0105892056 0.964082207 0.0301979847 -0.263669202 1.22314362 0.102815276 2.82907958 0.000986501904 -0.0167052918 -0.0157599961 -2.60116851 -0.0245204765 -2.70442316 
1704749437.51172304 3.90533192 0.000774169785 0.886848779 -0.00118595556 0.998693376 0.0223160105 -0.0459579094 0.587538978 0.0145670783 3.29027822 0.000839149234 -0.0235914834 -0.0226793898 -2.62711207 -0.0345586291 -3.15705045 
1704749438.71669602 3.97197152 -0.00144002184 1.43148682 -0.00403212714 0.997733356 0.0100917041 -0.0664082127 0.65981283 -0.00473404008 3.29716896 0.000707746596 -0.0223834849 -0.0215657657 -2.57377065 -0.0330858196 -3.63189383 
1704749439.92166591 4.08098835 0.00297182137 1.99411932 -0.00686410589 0.996938518 0.0248952058 -0.0738017932 0.720358172 0.0201879191 3.25382321 0.000873687757 -0.0215985177 -0.0208473791 -2.53912475 -0.0334960679 -4.1005104 
1704749441.12665701 3.91687549 -0.000130390115 2.54377287 0.00270275961 0.973457355 0.0400985124 0.225312187 -0.249660368 0.0450701185 3.37295704 0.00137909147 -0.031923157 -0.03054344 -2.43946176 -0.0462373837 -4.56771677 
1704749442.33166099 3.45796874 -0.000614477897 2.87953088 0.013086555 0.873093781 0.0307651221 0.486404665 -0.970532621 0.0351951879 2.97755662 0.00179667375 -0.0413893987 -0.0394381162 -2.17564386 -0.0419466233 -4.96953001 
1704749443.53661394 2.94766335 0.00459464169 2.98549888 0.0215782147 0.731842904 0.0214084958 0.680795138 -1.32813369 0.108083478 2.41094475 0.00285126369 -0.0493998366 -0.0464274876 -1.81929239 -0.031667226 -5.23866962 
1704749444.74159098 2.44728962 -0.00787368334 3.08471353 0.000210495072 0.775685683 0.0057244106 0.631093422 -1.30504043 -0.033373304 2.57975908 0.00206250829 -0.0459099965 -0.0438791776 -1.4438506 -0.0206368439 -5.43210567 
1704749445.9440701 2.00551654 -0.00458727783 3.07580485 0.00731096683 0.764661584 0.0110748422 0.644295397 -1.01116009 -0.00832175245 1.67121455 0.00211388312 -0.0456132982 -0.0436555307 -1.06105524 -0.0162684522 -5.66618647 
1704749447.14906812 1.45849108 -0.0058851529 3.0766134 -0.00058269578 0.692046239 0.00896510623 0.721797264 -1.06807128 -0.0284750313 1.4686872 0.00188715304 -0.0486529079 -0.0468485705 -0.695795607 -0.00619222953 -5.8301074 
1704749448.35404801 0.873767762 -0.0105430136 3.07026471 0.0159001078 0.645910719 0.033658262 0.762504853 -1.08897052 0.00157935401 1.40788013 0.00224787817 -0.0497502354 -0.0468118309 -0.335685186 0.0043745539 -5.95737003 
1704749449.55904508 0.332646765 -0.0142777913 2.80109189 -0.0131490147 0.509684437 0.000229414317 0.860260905 -0.996522999 -0.102174113 0.980558137 0.00186764239 -0.055905642 -0.0544363674 0.0038449799 0.0171131232 -5.9914464 
1704749450.76402402 -0.121381591 -0.00537231316 2.42070372 -0.00535699631 0.345916188 0.00695296791 0.93822436 -0.695201235 -0.0473767546 0.667008419 0.00223354083 -0.0620428666 -0.0602077072 0.289927453 0.0162217347 -5.92999211 
1704749451.96900201 -0.448494986 -0.011239834 1.91551498 -0.00317710462 0.288156925 0.00168655226 0.957576445 -0.618894275 -0.0689119097 0.605346551 0.00255885035 -0.0629337937 -0.060461595 0.487858165 0.0233659653 -5.78909507 
1704749453.17399192 -0.791200835 -0.00518175642 1.41905775 0.0192321714 0.230607182 0.00935611463 0.97281186 -0.526369726 0.0325968973 0.577577111 0.003069339 -0.0638749802 -0.0608382318 0.673253993 0.0256825232 -5.64714248 
1704749454.37899208 -0.863395175 -0.0107949775 0.84052603 0.0195839195 -0.011160317 0.00700503332 0.999721385 0.0736909551 -0.040307976 0.436668823 0.00294399294 -0.07291362 -0.0698772057 0.771305653 0.0229046071 -5.46752385 
1704749455.5839889 -0.641605034 -0.0096021422 0.290192417 0.0231264371 -0.260610807 0.000276435129 0.965166876 0.706942862 -0.00418242367 0.676136776 0.00342384436 -0.0822057318 -0.0784594726 0.689628956 0.0135937868 -5.28156428 
1704749456.788975 -0.20243379 -0.00321675667 -0.041151406 0.0162835608 -0.503962446 -0.00801299338 0.863534881 1.12148838 0.0332765832 1.22063462 0.00386638941 -0.0920185895 -0.0883391627 0.442309847 -0.00625099302 -5.17578669 
1704749457.99397206 0.275478629 0.000560455705 -0.0885423298 0.00467813882 -0.699938034 0.000686409995 0.714187925 1.21561357 -0.0270731485 1.75615382 0.00402370731 -0.100498418 -0.0965514121 0.0944812932 -0.0272429664 -5.22890791 
1704749459.19894505 0.83513508 0.000704536453 -0.120112801 0.00125174286 -0.687084372 0.00178467166 0.726574369 1.3151742 -0.0216487267 1.71405591 0.00384193432 -0.0970836794 -0.0932608499 -0.262172147 -0.0305248883 -5.38051667 
1704749460.40393591 1.40581501 -0.00332717852 -0.19820545 -0.00187618871 -0.666915512 0.00465643716 0.745116432 1.29868316 -0.0372205388 1.62592418 0.00354682737 -0.0932757808 -0.0896693518 -0.608774953 -0.02807015 -5.50775085 
1704749461.608922 1.99888729 -0.00597186388 -0.298970162 -0.00313331911 -0.64873161 0.00615136614 0.760985967 1.29792536 -0.0559495514 1.60628427 0.0030564298 -0.0895687274 -0.0866710017 -0.942861631 -0.0242135631 -5.61036819 
1704749462.81142402 2.51474951 -0.00180844245 -0.373808707 0.00898708804 -0.760224728 -0.00262628206 0.649592716 1.06385533 -0.0302535137 1.35220195 0.00326379606 -0.0944421731 -0.0908945849 -1.28590538 -0.0369339558 -5.75707499 
1704749464.01639605 3.1043047 -0.004955735 -0.317621185 0.00890604317 -0.730302348 0.00192102892 0.683063301 1.05643426 -0.0558519071 1.20577615 0.00305333336 -0.0896213548 -0.0863261393 -1.60051435 -0.0308708525 -5.95143595 
1704749465.2213769 3.64303258 0.00209457763 -0.141126776 0.011237848 -0.861924535 -0.0157453823 0.506667436 1.0209347 0.0154626426 1.6918159 0.00406472731 -0.0980723455 -0.0939626866 -1.89301526 -0.0575596132 -6.17309023 
1704749466.42633605 4.0551309 -0.00538147354 0.220951041 0.00820979563 -0.921633723 -0.00655102875 0.38791876 0.943765824 -0.0438199127 1.90613035 0.00372493041 -0.101564578 -0.0978571477 -2.11988127 -0.0684026829 -6.52457634 
1704749467.63135099 4.28657686 0.00141000302 0.704428645 0.00489813896 -0.993164554 -0.0224615456 0.114436251 0.553110516 0.0142429238 2.43879192 0.00469586232 -0.112781229 -0.107938918 -2.2408353 -0.0968358267 -6.95362461 
1704749468.83632708 4.29616529 -0.00414966571 1.26685723 0.00336622477 -0.999945586 -0.00954600257 -0.0025232269 0.336439279 -0.0304355009 2.5503186 0.00426516376 -0.115136551 -0.110463012 -2.19012385 -0.102207655 -7.43796914 
1704749470.04130006 4.26178658 -0.00838496462 1.82546298 0.00632833433 -0.999279219 0.00304462766 -0.0373058251 0.292560528 -0.0817826962 2.56447338 0.00391074272 -0.113398986 -0.109124628 -2.07747644 -0.102429102 -7.90684544 
1704749471.24629092 4.23106076 5.26344512e-05 2.40764853 0.00615985619 -0.996520247 -0.0194380192 -0.0808184181 0.259877533 0.0580267579 2.5412224 0.00462958494 -0.112278029 -0.10729441 -1.96010199 -0.103006274 -8.35873936 
1704749472.45129204 4.01062758 0.00827115895 2.96597926 -0.00684432026 -0.947418209 -0.0457370325 -0.31663862 -0.151426045 0.173693772 2.56965762 0.0059756978 -0.121466382 -0.115424173 -1.7684353 -0.110788829 -8.7784238 
1704749473.65627503 3.46583839 -0.0145044172 3.21643837 -0.000739221604 -0.816750067 -0.0078245898 -0.576938089 -0.559276565 -0.0482412907 2.30609251 0.00587765466 -0.132660407 -0.126690795 -1.39429109 -0.101937082 -9.0512005 
1704749474.86125302 2.91848833 -0.0051149347 3.34754683 -0.00969281064 -0.720822055 -0.0228998834 -0.692673956 -0.665609552 0.0179965181 2.11223797 0.00607635548 -0.136333802 -0.130123617 -0.966585861 -0.0914923268 -9.19133556 
1704749476.06626296 2.34167062 -0.0207584457 3.27032808 0.0178731051 -0.672171192 0.00807356418 -0.740135973 -0.66880322 -0.127376966 1.92188286 0.00520338206 -0.135857151 -0.130598013 -0.542155695 -0.0790157851 -9.19885369 
1704749477.27125001 1.78127522 -0.00309624944 3.31535829 -0.00283416402 -0.70506494 -0.0115511501 -0.709042995 -0.675557836 0.0153207801 1.98881541 0.00597732713 -0.129947564 -0.12349736 -0.138741394 -0.0712356147 -9.21328565 
1704749478.47589493 1.22865947 -0.0168671075 3.20829518 0.0048694425 -0.727700873 -0.0146904205 -0.685720001 -0.596549271 -0.0478086393 1.37477021 0.00447810857 -0.124106708 -0.118911006 0.274991228 -0.0545346908 -9.24668997 
1704749479.67871308 0.663337256 -0.0151038537 3.25873227 -0.00680303632 -0.707439734 -0.022814483 -0.706372594 -0.603162343 0.00515658615 1.28882221 0.00511023479 -0.121977279 -0.115915892 0.654985498 -0.0422442591 -9.29383413 
1704749480.88369012 0.101762671 -0.0144204594 3.24342639 -0.00876407626 -0.677816242 -0.0261130739 -0.734715211 -0.55514225 -0.0134776149 1.32058521 0.00514603469 -0.120396213 -0.114193225 1.0170269 -0.0278345287 -9.30999582 
1704749482.0886879 -0.411625182 -0.0175833598 3.02951146 0.00318724549 -0.465059298 -0.0121101031 -0.88519096 -0.356872771 -0.016366576 0.97290878 0.00528621187 -0.130212444 -0.124819376 1.36185405 -0.0184580588 -9.23496084 
1704749483.29367208 -0.730367071 -0.0190715651 2.62334353 0.00877250195 -0.280230016 -0.00733466815 -0.959864774 -0.0827139602 0.007175605 0.891796066 0.00532726062 -0.136525466 -0.131064521 1.58882041 -0.0146197832 -8.99134271 
1704749484.49865103 -1.0519996 -0.0200359996 2.18786544 -0.00628136062 -0.29544722 -0.014054368 -0.955235028 -0.199788512 0.0314816402 0.93196341 0.00577971728 -0.131617604 -0.12557562 1.74300518 -0.00713178388 -8.70386796 
1704749485.70364594 -1.23189268 -0.0220228725 1.65997569 -0.0117126262 -0.081955583 -0.00807866789 -0.996534411 0.174798503 0.00174271992 0.890654949 0.00559647034 -0.138862716 -0.132629873 1.86158196 -0.0108753908 -8.40502117 
1704749486.90862203 -1.18855261 -0.0211039884 1.10954761 -0.0028378614 0.0815696003 -0.00313399817 -0.99665868 0.404115834 0.046682077 0.998738923 0.00552746438 -0.142865426 -0.136659446 1.80900061 -0.0122508527 -8.07605528 
1704749488.11359692 -1.1024545 -0.0146439501 0.572850988 -0.0313893592 0.171940957 -0.00449633889 -0.984596769 0.441807077 0.130292279 1.07450613 0.00637504478 -0.14351301 -0.136396061 1.68350363 -0.00462380293 -7.76622132 
1704749489.31857395 -0.771554723 -0.0152227909 0.229367734 -0.0201038976 0.424725582 0.00539972706 -0.90508279 0.730483063 0.103735157 1.43433542 0.00643684775 -0.153171028 -0.146036505 1.43607669 -0.0212265107 -7.51585908 
1704749490.523561 -0.342215622 -0.000370151779 0.145453283 -0.0203785055 0.698186646 0.0265810987 -0.715131854 0.798600194 0.133133762 1.95403687 0.00740077907 -0.165964921 -0.157980014 1.04762151 -0.0478122664 -7.43490686 
1704749491.72854805 0.0121971548 -0.00822621526 0.294879168 0.0156340834 0.7768814 -0.00856814902 -0.629394513 0.496729117 -0.0514252646 2.43485591 0.00557686779 -0.166783132 -0.160470819 0.627084131 -0.0758329589 -7.58016761 
1704749492.93354201 0.0394588565 -0.00970066397 0.235557373 0.0204948509 0.720657569 -0.0101995168 -0.692913125 0.526407569 -0.0913286786 2.14025524 0.00557497035 -0.157631504 -0.151524089 0.223694359 -0.0611120212 -7.71458812 
1704749494.13850808 0.0202547667 0.00647788378 0.171382744 -0.00479794485 0.650519506 0.0152622608 -0.759321023 0.373945416 0.0732722097 1.83395604 0.0061903766 -0.147647724 -0.140621227 -0.171640022 -0.0442908692 -7.78353935 
1704749495.3421979 0.00850228608 -0.00802663435 0.0862489764 -0.000852316571 0.657791204 -0.0034123298 -0.753192115 0.226444812 -0.0211327237 1.21350784 0.00512533172 -0.143534113 -0.137553154 -0.564092122 -0.0381078525 -7.816158 
1704749496.5459609 0.0209263952 -0.00276259051 0.0791324919 -0.00726085776 0.687745053 0.00900283486 -0.725860159 0.257806914 0.0487479509 1.20876941 0.00585213638 -0.141317516 -0.134901431 -0.921905992 -0.0366443801 -7.85589272 
1704749497.75096512 0.0131588986 -0.00718630503 0.090571571 -0.00221528052 0.70859088 -0.00070137272 -0.705615735 0.219147434 -0.0232492786 1.20435225 0.00500286116 -0.138400078 -0.132764782 -1.26689555 -0.0368447064 -7.92565808 
1704749498.95594597 0.0130165448 -0.00306962747 0.0872585996 -0.00272147946 0.69348959 -9.54189543e-05 -0.7204615 0.248222629 -0.0055347973 1.20025627 0.00495714508 -0.133216655 -0.127465121 -1.59761495 -0.0360286087 -7.98528348 
1704749500.1609261 0.0136477817 -0.00271293843 0.0897779047 -0.001798088 0.693946777 -0.000833403336 -0.720023571 0.246342736 -0.00962722514 1.20333343 0.00481868512 -0.12917631 -0.123630979 -1.91595103 -0.0343318552 -8.03885216 
1704749501.36591005 0.0140610119 -0.00274523152 0.0918012296 -0.00173683347 0.694142419 -0.000947215388 -0.719834973 0.245047681 -0.00928328718 1.1915694 0.00466955932 -0.125230321 -0.119855472 -2.22217642 -0.032409695 -8.09049821 
