1704749411.35022593 0.0439424418 -5.881533e-05 0.0426937643 -0.00157045796 0.694566521 -0.00261167772 -0.719422033
1704749411.73393297 0.037749845 -0.000903400749 0.035789251 -0.00352717285 0.694065791 1.60096137e-05 -0.719902935
1704749412.11752701 0.0673749116 0.0388674082 0.0412886144 0.0609606187 0.689708069 0.0704159252 -0.718072545
1704749412.50246191 0.0136203557 -0.000507464473 0.0417384119 -0.0259806852 0.69856576 -0.0236903529 -0.714681502
1704749412.88739491 0.0289351654 -0.00460712511 0.0293165199 -0.0279815688 0.690342563 -0.020700285 -0.722644916
1704749413.27233005 0.0752657068 0.0414581938 0.0528211592 0.0606200588 0.69062825 0.0701933611 -0.717238259
1704749413.65727997 0.0031732682 -0.0150899493 0.0411414707 -0.0512138143 0.696053294 -0.0522274437 -0.714254332
1704749414.04220891 0.050655587 0.0127863148 0.0314282564 0.015017981 0.68983803 0.0187133399 -0.723566005
1704749414.42556405 0.058749532 0.0307294651 0.0494953662 0.0434559195 0.694742203 0.0488049226 -0.716284116
1704749414.80964398 -0.000377967453 -0.0178178332 0.0322075543 -0.0554780105 0.693301869 -0.0556404331 -0.716351067
1704749415.19461203 0.0751571475 0.030801217 0.0418252625 0.0488908625 0.687543101 0.0522345484 -0.722610352
1704749415.57957911 0.0381759152 0.0148117004 0.0505261512 0.00809725565 0.700109952 0.0136174702 -0.713859268
1704749415.96455693 0.0137223769 -0.0165782753 0.0332268069 -0.0519374312 0.691118428 -0.0476882378 -0.719293858
1704749416.34954095 0.0873801867 0.0402967188 0.055856861 0.0632070788 0.68985945 0.0685068847 -0.717917551
1704749416.73394799 0.00832289844 -0.0047413871 0.0425921604 -0.0290519775 0.699364606 -0.0354072699 -0.713296191
1704749417.11743903 0.0252336583 -0.0043796776 0.0287919388 -0.0200642829 0.692114247 -0.021122666 -0.721199783
1704749417.50199795 0.070553009 0.0379563591 0.0518692853 0.0630795716 0.691840989 0.0658924816 -0.716264751
1704749417.88699102 0.0339110301 0.00674131607 0.0415870409 0.0130376385 0.694061259 0.0106847207 -0.719718574
1704749418.27199411 0.0430622599 0.00956593627 0.0463112993 0.0130837312 0.694457367 0.00963726522 -0.719350335
1704749418.6569891 0.0442998874 0.00929777432 0.0475525145 0.013022123 0.69441173 0.00953029906 -0.719396933
1704749419.04198909 0.0445754484 0.00936914275 0.0480017752 0.0130893296 0.694430278 0.00948845082 -0.719378362
1704749419.425771 0.0385727648 0.00922015264 0.0420179324 0.0130246927 0.694419807 0.00953119137 -0.719389078
1704749419.80947495 0.0380811732 0.00924002095 0.0415651073 0.0130597111 0.694437691 0.00945622551 -0.719372169
1704749420.19445705 0.0402566779 0.00924695874 0.0438224297 0.0130953846 0.694387207 0.00944603312 -0.719420385
1704749420.57944608 0.0404143684 0.0092742346 0.0439934449 0.0130407748 0.694419072 0.00947840766 -0.719390193
1704749420.96443391 0.0407369555 0.00929473472 0.0443900349 0.0130436642 0.694435505 0.00951426951 -0.719373804
1704749421.34943008 0.0428847351 0.00930049765 0.0465145283 0.013019472 0.69441153 0.00950864112 -0.71939746
1704749421.73402309 0.0364046951 0.00929870783 0.0402351284 0.0134349186 0.694735992 0.00923353996 -0.71908007
1704749422.117347 0.0368450147 0.00929301209 0.0406380504 0.0134899801 0.69477772 0.00928535499 -0.719038054
1704749422.50191998 0.0375653338 0.00932215094 0.041375106 0.0134520245 0.694791354 0.00931488242 -0.719025208
1704749422.88691401 0.0378857889 0.00925184588 0.0417840168 0.0134427648 0.694639788 0.00916970157 -0.719173674
1704749423.27190804 0.0397298045 0.00932871 0.0437443813 0.0133794179 0.69466815 0.00923660523 -0.719146603
1704749423.65689802 0.0414550537 0.00928637283 0.0454090285 0.0130086074 0.694365091 0.00951072471 -0.719442453
1704749424.04188299 0.041931001 0.00933671191 0.0459359879 0.0130554014 0.694325698 0.00949781809 -0.719479794
1704749424.42579389 0.0341343871 0.00611373054 0.0418643974 0.00467732432 0.693563177 -0.00206800487 -0.720377655
1704749424.80937004 0.0147764369 -0.00640002541 0.0445738117 0.00149699188 0.68625182 -0.00733298072 -0.72732553
1704749425.19436312 0.0123272322 -0.00565648183 0.0412304328 -0.00478779047 0.683460749 -0.00523223398 -0.72995281
1704749425.57935405 0.0119171522 -0.00192903991 0.0271889283 -0.0129603116 0.676543766 0.0087308613 -0.736236603
1704749425.96434808 0.0996101584 -0.00510383706 0.0312164228 0.00357371302 0.669797659 -0.0102683414 -0.742464063
1704749426.34934998 0.236052436 -0.00125490626 0.0158297016 0.00220194425 0.666407567 -0.00775324296 -0.745544092
1704749426.7340529 0.339386079 -0.000690287251 -0.00676344268 -0.000249308265 0.661896367 -0.00135321153 -0.749594094
1704749427.1173501 0.424419509 -0.00310592965 -0.0262538857 -0.00803709478 0.653945168 -0.00155923833 -0.756497648
1704749427.50185299 0.538482189 0.00202865915 -0.0523787181 -0.00425744181 0.644254469 0.000836731836 -0.764798897
1704749427.88685107 0.6926028 0.00686558958 -0.080831907 0.000211350837 0.640348984 -0.000982771432 -0.768083438
1704749428.27184892 0.837915698 0.00291045682 -0.103525598 0.00629392782 0.638030463 -0.00547978642 -0.7699659
1704749428.65683603 0.978206764 0.00201432404 -0.136408165 0.000184588899 0.628069364 -0.00637497842 -0.778131223
1704749429.04183412 1.1212328 0.00314103611 -0.164400882 0.000965903464 0.632346003 -0.0048707935 -0.774670172
1704749429.42576408 1.25471466 0.0016637395 -0.198935117 0.00496690383 0.626019177 -0.00378803881 -0.779782643
1704749429.80931711 1.39071391 -0.00169146996 -0.234309901 -0.00166334416 0.620183699 -0.00215148264 -0.7844519
1704749430.194309 1.52979815 -0.00112143327 -0.271592742 -0.00498569487 0.625560667 0.00398632583 -0.780149411
1704749430.57930899 1.65940959 0.00429586531 -0.306061105 -0.0116506458 0.630559258 0.00275799656 -0.77604876
1704749430.96429896 1.7894334 0.00257439958 -0.320226265 -0.00402811405 0.660337791 0.00252240898 -0.750953669
1704749431.3492949 1.91948748 0.0014945358 -0.330344881 -0.00223112789 0.66197954 -0.00199011891 -0.749515944
1704749431.73407197 2.03765406 0.00429362445 -0.345146671 0.00497555899 0.658746665 -0.00459716413 -0.752334328
1704749432.11739612 2.16735577 0.00262723153 -0.360982105 0.00678009529 0.657224713 -0.00468766886 -0.753649608
1704749432.50177598 2.31211412 0.00133336194 -0.38148076 -0.00686503982 0.674991797 0.00448607365 -0.737779656
1704749432.88678098 2.47251933 0.000426890623 -0.395725677 -0.0122001415 0.690215064 0.0112433687 -0.723414064
1704749433.27176404 2.64512797 0.00146149717 -0.398927708 -0.00556429597 0.68733043 9.76413172e-05 -0.726323557
1704749433.65676093 2.82482363 -0.00234646092 -0.398670354 -0.00468482119 0.704778158 0.00383874652 -0.709401906
1704749434.04174805 2.9955327 -0.00441436839 -0.387779079 -0.0159781525 0.743063582 0.00638694042 -0.668999565
1704749434.42587709 3.15442607 -0.00252385461 -0.364436181 -0.0173881915 0.790090852 0.0214677349 -0.61236691
1704749434.80923796 3.30755129 -0.00171394201 -0.288871157 -0.0153092313 0.841249539 0.0117709391 -0.540302032
1704749435.19423509 3.45260788 -0.000838548959 -0.175512899 -0.00640904723 0.884352088 0.0116758047 -0.466630457
1704749435.57922292 3.58594127 -0.00395641434 -0.0593804765 -0.0108351618 0.915385105 0.0188920409 -0.4019898
1704749435.96423006 3.69614046 0.000984949533 0.0667693487 -0.0154709556 0.944884982 0.0255217225 -0.326039356
1704749436.3492229 3.77615318 -0.000738222276 0.218868572 -0.00638178272 0.968368372 0.020374595 -0.248609824
1704749436.73410702 3.82492588 -0.00164487733 0.363101782 -0.00477143904 0.982851197 0.0119545899 -0.183950661
1704749437.11734796 3.85481853 -0.0010702958 0.532106102 -0.0014283257 0.993513131 0.0140478594 -0.112837391
1704749437.50172305 3.86432685 -0.000337555558 0.708433942 -0.00160668431 0.999224939 0.0119737342 -0.0374642369
1704749437.88671708 3.87299212 -0.00120463809 0.88078411 -0.00525774691 0.99960233 0.0139955101 -0.0239094988
1704749438.27171206 3.89763458 -0.0030342562 1.04981727 -0.00706225044 0.997806291 0.00980557698 -0.0650890233
1704749438.6566999 3.92839456 -0.00137263445 1.22853167 -0.00633696976 0.997893383 0.01075029 -0.0636637255
1704749439.04169202 3.95618275 -0.0019926085 1.40296114 -0.00278045321 0.997397705 0.00590108394 -0.0718001736
1704749439.42572999 3.9893436 -0.00184998884 1.57487901 -0.00540895767 0.99657658 0.00546668677 -0.0823163386
1704749439.80917192 4.0264664 0.000485545617 1.7504178 -0.0020003915 0.996433492 0.0152980907 -0.0829594038
1704749440.19416404 4.04669998 -3.61086136e-05 1.93341476 -0.00556375782 0.999653834 0.0236435049 -0.0101114818
1704749440.57916403 4.02651581 -0.0029934506 2.10908337 -0.00660359772 0.994361788 0.0315298402 0.101029183
1704749440.96416402 3.95021171 -0.00555936721 2.27363044 -0.000216686253 0.979624191 0.0224350457 0.199582227
1704749441.349159 3.83760751 -0.00811143022 2.42207021 6.16729666e-05 0.95445047 0.0206797852 0.297651883
1704749441.73398304 3.71395555 -0.00512269112 2.53351718 0.00387727926 0.922191596 0.0176672744 0.386310102
1704749442.11729097 3.5740374 -0.00597372172 2.62496012 0.00297012887 0.885410814 0.0157365159 0.464533348
1704749442.50166297 3.42793737 -0.00702122273 2.69578062 0.00808167188 0.849927871 0.0203869615 0.526442469
1704749442.88664389 3.282546 -0.00558103821 2.75236214 0.00756714471 0.804003213 0.0209294281 0.594208323
1704749443.27163506 3.12334086 -0.00651245881 2.78712926 0.0165295012 0.751307639 0.0258964568 0.659236665
1704749443.65661407 2.96347085 -0.00428677171 2.79796174 0.0118922859 0.735541021 0.0162488984 0.677180886
1704749444.04161096 2.8163887 -0.00931182664 2.80648909 -0.0146688218 0.770580648 0.00179749239 0.637171138
1704749444.42593503 2.65100664 -0.00569781588 2.83485316 -0.00334977766 0.772676363 -0.00186376466 0.634788581
1704749444.8090961 2.48925592 -0.00660201078 2.88971557 0.00338702946 0.778075232 0.0119587041 0.628048127
1704749445.19408393 2.33612409 -0.00643648635 2.94631609 0.0107441555 0.792687402 0.0181811313 0.609262417
1704749445.57908392 2.179152 -0.00340863338 2.9925075 0.000703211656 0.794410939 0.0141867369 0.607214543
1704749445.96407199 2.01337356 -0.00535091079 3.01266527 0.00541631591 0.761076867 0.00931574381 0.648572188
1704749446.34907508 1.83705928 -0.00680178544 3.02671377 0.00258137952 0.731782169 0.0107357529 0.681449145
1704749446.73406696 1.67031338 -0.00715280126 3.0303194 0.00874531428 0.702166759 0.0120706467 0.711856489
1704749447.11765099 1.49475938 -0.0049263783 3.0113726 3.2298003e-06 0.694660921 0.00841017078 0.719288172
1704749447.50156307 1.31697364 -0.00953698752 3.00511138 -0.00371251223 0.69871588 0.0150236966 0.715231868
1704749447.88655901 1.12644281 -0.0136870038 3.00841935 -0.00109190284 0.706085813 0.020482325 0.707829151
1704749448.27154994 0.936236869 -0.0109442496 3.00884083 0.0131669673 0.659462401 0.0316971554 0.750953569
1704749448.65655494 0.751145027 -0.00851062314 2.97642196 0.018854843 0.600600665 0.0350119827 0.798559639
1704749449.04154205 0.574802239 -0.00652251033 2.88580465 0.00909631661 0.540006157 0.0181899749 0.841415315
1704749449.42581511 0.41340398 -0.0122408836 2.77242392 -0.0205368709 0.527800806 0.00466015294 0.849107077
1704749449.80903196 0.242310207 -0.00351204632 2.67983715 -0.0048405971 0.478329557 0.00500583675 0.878152803
1704749450.19403791 0.074472256 -0.0048460248 2.58332351 0.00846967292 0.427671481 0.0176445428 0.903722324
1704749450.57901812 -0.0555337755 -0.00796095849 2.4377628 0.0039384597 0.375102502 0.0113130355 0.926905937
1704749450.96401691 -0.155165911 -0.00897489153 2.274635 -0.0100279787 0.313405565 0.00818151521 0.949531176
1704749451.34901094 -0.257432018 -0.00962310303 2.10898926 -0.0080853346 0.279124838 0.000501594696 0.960220652
1704749451.73400903 -0.366581061 -0.0133580497 1.95767865 -0.00417661324 0.291514033 0.00987114679 0.9565065
1704749452.11720204 -0.475369631 -0.0110326812 1.79283828 -0.00455788846 0.302574061 0.0049110317 0.953102327
1704749452.5015111 -0.588796033 -0.00930744023 1.63950506 -0.00457583996 0.305558424 0.00313732438 0.952157166
1704749452.88649988 -0.700162212 -0.0115034326 1.4827441 0.00993667961 0.268463555 0.0132972466 0.963146804
1704749453.27149892 -0.797752772 -0.00808075728 1.31119738 0.0201091199 0.218571017 0.012915798 0.975528327
1704749453.65649891 -0.855139267 -0.00962237671 1.13682041 0.0119988127 0.148306768 0.0125707192 0.988788708
1704749454.04150295 -0.873122356 -0.00942278672 0.945958992 0.0103178403 0.0587192578 0.00727960122 0.99819467
1704749454.42556095 -0.863869322 -0.0132429909 0.75308996 0.0107601018 -0.0275956404 0.0066939173 0.99953884
1704749454.80899501 -0.834031998 -0.0164997331 0.566377776 0.0204974189 -0.100917767 0.00403157571 0.994675428
1704749455.19398689 -0.767064201 -0.0121253857 0.384756489 0.0166699339 -0.182838715 0.00334726586 0.982995887
1704749455.57898998 -0.669437275 -0.0123351939 0.21995724 0.0144889991 -0.268242324 0.00336430204 0.96323663
1704749455.96398211 -0.552621758 -0.0125832764 0.0751057877 0.0155883884 -0.343100078 0.0002764099 0.939169454
1704749456.3489871 -0.421636655 -0.00880281112 -0.0424114734 0.0126358116 -0.416097949 -0.00485150253 0.909219058
1704749456.73389006 -0.274056057 -0.00635191172 -0.129992786 0.00381214134 -0.501160864 -0.00288678065 0.865340929
1704749457.11736989 -0.116371471 -0.00797406038 -0.186081345 0.00566364063 -0.57408489 -0.00146309032 0.81877489
1704749457.501472 0.0322682054 -0.00538535546 -0.217892001 0.0110939326 -0.637692069 -0.0133192104 0.770096324
1704749457.88646698 0.176786266 0.0007076678 -0.216517921 0.0103166213 -0.693541011 -0.0066034524 0.720313007
1704749458.271456 0.339566449 -0.00068404684 -0.213051374 0.000992898252 -0.703907818 -0.00414462094 0.710278551
1704749458.65644908 0.516981117 -0.00111411539 -0.220000067 0.00931610259 -0.698806197 -0.00411524136 0.715238544
1704749459.04144907 0.70153925 0.00365127739 -0.244443045 0.0069549015 -0.683504483 -0.00883004869 0.729859768
1704749459.4256041 0.875435164 -0.000634524132 -0.268891939 -0.00273208515 -0.677182973 -0.00105840126 0.735808832
1704749459.80911493 1.05516738 -0.00214219923 -0.289053093 -0.00035432468 -0.671348187 0.00153099643 0.741140434
1704749460.19393396 1.24112501 -0.00279254192 -0.318958716 0.000570346011 -0.660254078 -0.00321574683 0.75103521
1704749460.57892704 1.43218565 0.00108920802 -0.349833114 0.00304692526 -0.65709316 -0.000768475564 0.753802829
1704749460.96392298 1.62069274 -0.00399092271 -0.378934322 0.000634004278 -0.65091554 0.00277343725 0.759144825
1704749461.34891605 1.81381218 -0.00391594066 -0.409789694 -0.00193776099 -0.639157029 0.00555594147 0.769053749
1704749461.73391509 1.99468684 -0.000984647775 -0.441314598 -0.00112003152 -0.650592171 -0.000949855484 0.759425882
1704749462.117486 2.16706666 0.00185333525 -0.46139293 0.00847546203 -0.701736171 -0.00537661081 0.712366201
1704749462.50142288 2.34926057 -0.00203895458 -0.450214937 0.0146166142 -0.743420149 -0.00693791216 0.668628972
1704749462.88642192 2.53244563 -0.00360446955 -0.413211944 0.00814523571 -0.760363952 -0.00480742253 0.649428368
1704749463.27140689 2.71544304 -0.00104106664 -0.384027831 0.00199472525 -0.755510769 0.000593181486 0.655132923
1704749463.65640306 2.90537928 -0.0015997851 -0.366089621 -0.00424989506 -0.733502856 0.00473984466 0.679656555
1704749464.0413959 3.09932906 -0.00364663762 -0.363954361 0.0113382712 -0.727507511 -0.000802226285 0.686005555
1704749464.42564011 3.28317134 -0.00069835518 -0.352898924 0.016112616 -0.767988361 -0.0208045855 0.639922988
1704749464.80893707 3.4534526 0.00366169752 -0.297660151 0.0159319624 -0.817153558 -0.0171340499 0.575945014
1704749465.19387507 3.60600538 0.000639313721 -0.209618196 0.00934112377 -0.861656471 -0.0138958337 0.507215709
1704749465.57885695 3.74573528 7.16144548e-05 -0.107020435 0.00645098306 -0.896736648 -0.0135606133 0.442309709
1704749465.96385002 3.87246465 -0.000636592705 0.00617225495 0.00326465589 -0.898175709 0.00190158621 0.439620428
1704749466.34884 4.00232518 -0.00274643943 0.12646733 0.00198039238 -0.91711456 -0.00328149989 0.39860531
1704749466.73384094 4.12773481 0.00206454799 0.250408338 0.0115465657 -0.944545568 -0.018930582 0.327630859
1704749467.11721611 4.21250895 0.00258262086 0.378728378 0.00966523784 -0.97011644 -0.0376763377 0.239501918
1704749467.50134802 4.25085588 -3.60351995e-05 0.543874307 0.00591192327 -0.989422528 -0.0204043256 0.143498339
1704749467.88634109 4.2657521 -0.00225035757 0.72393527 0.00504207931 -0.998648882 -0.0153058191 0.0494036385
1704749468.27133203 4.28136929 -0.0020111914 0.896429906 0.00414351698 -0.99951488 -0.0195929912 0.0238526726
1704749468.65633297 4.27783258 -0.00017064863 1.07431547 0.00331381795 -0.999937318 -0.0105124977 0.00196603279
1704749469.04131603 4.26990423 -0.00539445278 1.2542075 0.00345717573 -0.999632183 -0.00885568849 -0.0253992671
1704749469.42560005 4.26557459 -0.00167777896 1.41925293 0.00668600985 -0.998754391 -0.0179326727 -0.046080189
1704749469.80901408 4.25212898 -0.0027536479 1.59382258 0.00226664627 -0.999319102 -0.0122793982 -0.0347190326
1704749470.19379401 4.23409214 -0.00655975542 1.77969611 0.00766579108 -0.999513351 -5.48201518e-05 -0.0302372918
1704749470.578789 4.22902361 -0.00394264457 1.96785445 0.00642337288 -0.999279529 -0.00883498349 -0.0363470361
1704749470.96378303 4.22564582 -0.00400936035 2.1492177 0.00602968322 -0.996935725 -0.0256837936 -0.0736420069
1704749471.34878707 4.19888218 -0.00480321907 2.33609796 0.00642261308 -0.996033916 -0.0198069766 -0.086503597
1704749471.73379207 4.14863328 -0.00766662393 2.52132468 0.00318691793 -0.989807265 -0.0185876312 -0.141159204
1704749472.11717391 4.08263928 -0.00724137444 2.68808157 -0.00131169313 -0.971968728 -0.0318550425 -0.232938464
1704749472.50128889 3.97699247 -0.00393039395 2.84098775 -0.0134407283 -0.938183102 -0.0393633333 -0.343631113
1704749472.88627791 3.81566259 -0.0044516652 2.94885603 -0.0116544878 -0.886524934 -0.0318376545 -0.46143697
1704749473.27128005 3.64058335 -0.00574414366 3.00705446 -0.00986030007 -0.825060093 -0.012894171 -0.564811789
1704749473.65627503 3.46935454 -0.0106774424 3.07450086 -0.00690854559 -0.818403736 -0.0139723665 -0.574432216
1704749474.04126906 3.30707947 -0.00712939122 3.13939072 -0.00355240582 -0.820382332 -0.013970461 -0.571633656
1704749474.4258101 3.12869803 -0.00614970612 3.1724866 -0.0126224114 -0.769794663 -0.0155029153 -0.637978457
1704749474.80883503 2.95043729 -0.00709681945 3.19056836 -0.0122648373 -0.720307751 -0.0192149881 -0.693279959
1704749475.19375396 2.76437881 -0.0135360359 3.18544678 -0.0157916948 -0.675168455 -0.0213240486 -0.73718618
1704749475.57874393 2.58463003 -0.00993899443 3.15415736 -0.00203200658 -0.670525715 -0.00578776847 -0.74186093
1704749475.96374607 2.39938788 -0.0100549214 3.12586902 0.00518519147 -0.67406741 0.00761421376 -0.738612391
1704749476.34875107 2.22093027 -0.00730600671 3.13212374 0.00301596587 -0.698552207 -0.00975702312 -0.715486211
1704749476.73375893 2.04968504 -0.00278040267 3.15525425 -0.0156716736 -0.70440287 -0.0161373603 -0.709443854
1704749477.11722398 1.86283425 -0.00302100741 3.15444826 -0.0103480514 -0.70636442 -0.0181594875 -0.707539721
1704749477.501266 1.68793204 -0.00609040864 3.15537806 -0.00227828825 -0.709786941 -0.0164766855 -0.704220013
1704749477.88625097 1.50793956 -0.0120663819 3.14980308 0.00569256153 -0.712613308 -0.0224987712 -0.701173069
1704749478.2712431 1.32879404 -0.0118390357 3.1532415 0.0139982308 -0.724406517 -0.0164060071 -0.689035624
1704749478.65623307 1.14269911 -0.0140178823 3.16954254 0.00382324677 -0.72638146 -0.0128596089 -0.687160817
1704749479.0412271 0.964784642 -0.0123879735 3.20003286 -0.00337691627 -0.734027341 -0.0271897213 -0.678567004
1704749479.4259491 0.785773295 -0.0138334219 3.20637968 -0.0121902176 -0.714314806 -0.029046706 -0.699115187
1704749479.80883002 0.60292276 -0.0120824615 3.20198088 -0.00255509684 -0.70534846 -0.0167368815 -0.70865852
1704749480.19370389 0.424535285 -0.0148867963 3.19149048 0.00207205529 -0.703321425 -0.0081064483 -0.710822738
1704749480.57870698 0.242080322 -0.0141400633 3.18319711 -0.00183159166 -0.683358942 -0.0149600047 -0.729926983
1704749480.96369004 0.0644884914 -0.010113629 3.19247299 -0.0131546617 -0.669860773 -0.030870495 -0.741728058
1704749481.34869695 -0.115081302 -0.00882378274 3.16373887 -0.0218479307 -0.601153001 -0.0343283306 -0.798097302
1704749481.73367906 -0.280381171 -0.0133190103 3.07520521 -0.00833924894 -0.532984842 -0.0171674517 -0.845909507
1704749482.117203 -0.423852744 -0.0159480872 2.961017 0.00404022184 -0.455617843 -0.0100909558 -0.890109112
1704749482.50118995 -0.549451087 -0.0121912914 2.84495622 -0.0017525645 -0.379629086 -0.0106826823 -0.925075438
1704749482.88618898 -0.648042271 -0.0150327058 2.71534427 -0.000916527931 -0.301808706 -0.0138343266 -0.953267683
1704749483.27117205 -0.734143695 -0.0178623142 2.56589813 0.00674214402 -0.284106811 -0.00885822856 -0.958728009
1704749483.65617394 -0.821231384 -0.0156276035 2.43076913 0.0119515203 -0.287638617 -0.00892207122 -0.957622882
1704749484.041152 -0.924422788 -0.0159298089 2.28677075 0.00858931737 -0.290934878 -0.00636748679 -0.956683111
1704749484.42574596 -1.03641485 -0.0187444891 2.14378367 -0.00344421919 -0.296602135 -0.0148587269 -0.954879327
1704749484.80931497 -1.14221483 -0.0184428515 1.99595377 -0.0164054849 -0.255598029 -0.0103584345 -0.966588439
1704749485.19364905 -1.21126609 -0.0138339567 1.82425946 -0.0122950219 -0.179885386 -0.0122773743 -0.98353411
1704749485.5786469 -1.23599231 -0.0181062368 1.64303684 -0.00154315546 -0.0965511248 -0.00594535868 -0.995309073
1704749485.96364307 -1.25786647 -0.0201872465 1.45955499 -0.0154842598 -0.0391919101 -0.00712958394 -0.999086283
1704749486.34863496 -1.25748051 -0.0180605956 1.28300062 -0.0195553112 0.0275306393 -0.0077717363 -0.999399447
1704749486.73362899 -1.22290098 -0.0194117607 1.10663496 -0.00443805063 0.0853545941 -0.00230756863 -0.996338081
1704749487.11711001 -1.19121745 -0.0194481792 0.920508783 -0.000220685343 0.0626085632 -0.0073271154 -0.998011239
1704749487.50111699 -1.17365029 -0.0212808825 0.739939181 -0.00533477947 0.0563944025 -0.0073317851 -0.998367396
1704749487.88610196 -1.14763076 -0.0159925038 0.567048736 -0.0197176651 0.132816963 -0.00555660751 -0.990928853
1704749488.27109909 -1.09127478 -0.01563135 0.425063883 -0.0204673449 0.221829904 -0.00340461397 -0.974864601
1704749488.65608191 -0.996301929 -0.017587368 0.299280192 -0.00978901229 0.288899213 -0.00299043787 -0.957304799
1704749489.04108191 -0.880602538 -0.0167248894 0.191319639 -0.0112933055 0.372851575 0.00394465008 -0.927813884
1704749489.4257381 -0.765279241 -0.0121288234 0.0940276065 -0.00673884046 0.461659537 0.00481916602 -0.887018509
1704749489.80909896 -0.627798099 -0.0113889747 0.0388121915 -0.0066772698 0.552146101 0.00401594588 -0.833710963
1704749490.19356799 -0.487893277 -0.00858866919 0.0131606917 -0.0098831428 0.634550092 0.0126525379 -0.772714965
1704749490.57856297 -0.353266277 -0.0024507666 0.00848849706 -0.017347039 0.717286402 0.0240873518 -0.696145888
1704749490.96355104 -0.216311022 -0.00251566767 0.0343612274 -0.0144699918 0.776568009 0.0243779964 -0.629395312
1704749491.34855199 -0.0845027997 -0.00282870924 0.0801295463 -0.00264450733 0.776328081 0.00376168057 -0.630312277
1704749491.73354793 -0.0259255375 -0.00406574036 0.126987899 0.00977288068 0.771278051 -0.00948839666 -0.636352598
1704749492.11721992 -0.0508233241 -0.00381677294 0.0809086259 -0.00247694826 0.747519365 -0.00144891988 -0.664233818
1704749492.50104308 -0.0463640855 0.000957724437 0.0533717174 -0.00803381976 0.723439873 0.00994326895 -0.690269034
1704749492.88603902 0.00730609277 -0.0047179968 0.0808029157 0.0120761013 0.714431808 -0.00402512601 -0.699589278
1704749493.27102709 -0.00357336925 -0.00545883341 0.068619612 -0.000365637283 0.705398841 -0.00386461256 -0.708799976
1704749493.65602112 -0.010081678 -0.00436544309 0.0420662147 -0.00370630554 0.657241586 -0.000943535097 -0.753670266
1704749494.04100704 -0.00987740547 0.00126374783 0.0319154952 -0.00412396183 0.646102387 0.00673005887 -0.763209935
1704749494.42567205 -9.99657694e-05 -0.00396160932 0.0400904299 0.003592394 0.671759622 -7.98579297e-05 -0.740760486
1704749494.80911803 -0.000141310382 -0.00414260895 0.0388453023 0.00203879223 0.666895011 -0.00258884711 -0.745144406
1704749495.19347811 0.00056038242 -0.00710058953 0.0400481374 -0.00138588279 0.659820093 0.00108818271 -0.751421546
1704749495.57847691 0.00124033603 -0.00416772224 0.0363088065 -0.00387938496 0.65059027 0.00148906874 -0.759417562
1704749495.96347594 0.00131553581 -0.00284616816 0.0425071313 -0.0038359949 0.68341196 -0.00249958034 -0.730018582
1704749496.34846592 0.0120266842 -0.00643708193 0.039173712 -0.00481319166 0.693180147 0.00662289319 -0.720717874
1704749496.733459 0.0137650556 -0.00376021358 0.0343473478 -0.00618047173 0.700641377 0.00525327848 -0.713467494
1704749497.11755991 0.00752546901 -0.00582427702 0.0333291158 -0.00281899185 0.696945345 0.00112088518 -0.71711783
1704749497.50096297 0.00289622519 -0.00698448056 0.0393334523 -0.000666672258 0.71341439 -0.00487094343 -0.700725151
1704749497.88596201 0.0056838313 -0.00406609758 0.032877118 -0.00359141044 0.707782382 -0.000888253303 -0.706420847
1704749498.27095604 0.00388127147 0.00653793146 0.0209073727 -0.00228969982 0.686549138 0.00148748818 -0.72707828
1704749498.65595698 0.000941217438 -0.00098692043 0.0312492018 -0.00211318716 0.691593544 -0.00298356638 -0.722277649
1704749499.0409441 0.00404317932 -0.00267629334 0.0342376081 -0.00493859314 0.692921676 0.00289477317 -0.72099014
1704749499.42579794 0.00210641841 -0.00230161881 0.0279949062 -0.00380073076 0.69223617 0.000732531676 -0.721660656
1704749499.80891991 0.00210277232 -0.00214398351 0.0282298756 -0.00328694045 0.69247562 0.000623968182 -0.721433519
1704749500.19342995 0.00217613387 -0.0021977232 0.028972526 -0.00328899918 0.69263344 0.00047358627 -0.721282106
1704749500.57841992 0.00222305793 -0.00218505388 0.0290877188 -0.0032311727 0.692677347 0.000464017097 -0.721240207
1704749500.96342111 0.00253688423 -0.0021786236 0.0304051876 -0.00316381722 0.692780623 0.000400958199 -0.721141344
1704749501.34840989 0.00268181487 -0.00222311878 0.0310119767 -0.00310321708 0.692893374 0.000288055112 -0.721033327
1704749501.73340893 0.0026924385 -0.00216800084 0.0311450218 -0.00296590393 0.692949987 0.000234819763 -0.720979517
1704749502.44234991 -0.00474822416 -0.00188668553 0.000379357588 -0.00376314719 0.692082653 0.000925682327 -0.721807858
